512743.60	5403547.30	308.68	
512741.47	5403547.50	309.10	
512730.96	5403547.80	312.79	
512728.87	5403547.90	314.25	
512728.85	5403548.00	314.16	
512728.85	5403548.10	314.66	
512728.86	5403548.00	315.34	
512728.80	5403548.10	314.79	
512724.57	5403548.50	313.76	
512724.54	5403548.80	313.63	
512724.46	5403547.60	313.68	
512722.51	5403547.90	317.55	
512722.34	5403549.30	313.64	
512722.40	5403548.40	317.45	
512720.30	5403548.80	318.51	
512714.01	5403549.00	318.85	
512711.94	5403548.10	318.83	
512711.83	5403549.60	318.86	
512711.81	5403549.50	318.85	
512709.72	5403549.60	318.89	
512709.68	5403548.80	319.49	
512707.73	5403547.70	318.00	
512703.57	5403547.40	318.82	
512702.73	5403666.60	355.00	
512702.99	5403669.00	356.10	
512702.99	5403668.70	356.10	
512702.80	5403662.40	354.21	
512701.80	5403595.90	332.44	
512702.53	5403609.70	333.47	
512702.75	5403613.90	333.82	
512705.04	5403668.40	355.91	
512703.87	5403621.40	335.79	
512702.91	5403596.40	332.43	
512702.01	5403571.20	327.12	
512701.94	5403569.70	327.04	
512701.91	5403568.30	326.21	
512701.85	5403563.80	322.72	
512702.67	5403568.70	327.15	
512703.02	5403575.70	328.19	
512703.59	5403589.80	333.50	
512703.70	5403592.60	334.65	
512704.73	5403610.50	333.69	
512705.91	5403638.80	343.71	
512707.24	5403666.60	354.89	
512706.42	5403636.80	343.11	
512706.52	5403633.10	336.29	
512705.44	5403605.50	333.20	
512705.06	5403572.30	326.99	
512706.87	5403609.80	333.73	
512708.66	5403637.50	341.93	
512708.02	5403616.00	334.26	
512707.37	5403599.40	332.57	
512706.72	5403581.20	328.84	
512707.11	5403568.70	325.13	
512708.85	5403606.60	333.51	
512709.49	5403619.00	334.54	
512710.09	5403632.60	338.38	
512711.38	5403665.90	353.03	
512710.76	5403637.00	341.92	
512710.74	5403630.50	335.38	
512710.57	5403626.40	335.29	
512710.45	5403623.70	335.17	
512709.63	5403603.00	333.30	
512709.58	5403601.70	333.19	
512712.24	5403630.80	335.32	
512712.95	5403632.80	335.53	
512712.50	5403621.80	334.92	
512712.44	5403620.40	334.90	
512712.22	5403614.90	334.41	
512711.90	5403606.60	333.52	
512711.68	5403601.10	333.16	
512710.89	5403577.20	326.85	
512710.63	5403571.50	327.20	
512710.14	5403554.20	320.55	
512712.29	5403587.30	327.81	
512712.53	5403595.70	333.25	
512713.60	5403616.50	334.63	
512713.95	5403623.30	335.16	
512714.17	5403627.50	335.41	
512714.31	5403630.20	335.40	
512714.39	5403631.60	335.48	
512715.69	5403666.00	352.83	
512715.04	5403639.70	343.38	
512715.05	5403637.20	340.40	
512714.90	5403629.30	335.56	
512714.68	5403623.80	335.23	
512713.51	5403589.10	327.18	
512713.28	5403583.50	326.88	
512712.87	5403573.70	326.75	
512715.68	5403615.80	334.78	
512715.75	5403617.20	334.78	
512717.70	5403664.30	350.87	
512717.71	5403664.50	351.12	
512717.88	5403664.80	351.18	
512717.05	5403630.20	335.64	
512715.60	5403587.20	325.97	
512714.83	5403568.90	325.85	
512716.14	5403577.70	324.89	
512716.71	5403589.00	325.81	
512717.32	5403605.70	333.17	
512718.69	5403633.30	335.76	
512718.76	5403634.70	335.93	
512719.61	5403658.30	346.67	
512719.37	5403639.00	339.40	
512719.40	5403636.50	336.05	
512719.07	5403628.30	335.70	
512718.80	5403621.40	335.28	
512718.42	5403610.50	333.24	
512718.30	5403607.70	333.11	
512717.36	5403576.80	324.00	
512716.40	5403551.00	320.63	
512717.13	5403553.00	320.68	
512718.44	5403580.00	323.97	
512719.21	5403601.10	333.13	
512719.58	5403608.00	333.07	
512721.52	5403654.00	346.00	
512721.90	5403663.70	350.83	
512721.96	5403664.50	351.29	
512722.06	5403663.90	350.87	
512721.84	5403653.40	345.83	
512721.28	5403630.50	335.97	
512721.17	5403627.80	335.80	
512721.06	5403625.10	335.56	
512720.90	5403621.00	335.27	
512719.52	5403576.30	322.80	
512722.31	5403621.50	335.41	
512723.39	5403648.30	344.00	
512723.94	5403663.20	351.23	
512724.00	5403663.80	351.39	
512724.06	5403664.10	350.85	
512724.10	5403664.50	350.90	
512724.16	5403664.30	350.67	
512723.93	5403654.20	346.45	
512723.68	5403638.30	336.39	
512722.64	5403609.60	332.82	
512721.63	5403574.40	321.32	
512721.49	5403570.00	320.15	
512721.69	5403554.70	316.20	
512722.11	5403566.40	320.87	
512724.81	5403629.20	336.00	
512725.23	5403643.70	344.84	
512726.29	5403663.20	344.31	
512726.32	5403664.10	346.27	
512726.34	5403664.40	346.37	
512724.63	5403606.40	332.74	
512723.81	5403554.30	316.23	
512724.21	5403562.90	317.55	
512725.99	5403602.80	324.92	
512725.82	5403605.40	332.75	
512726.48	5403619.30	334.23	
512726.90	5403628.80	336.09	
512727.55	5403647.50	344.29	
512728.06	5403657.00	344.06	
512728.46	5403663.80	344.27	
512727.75	5403634.80	336.46	
512725.75	5403547.90	313.52	
512725.83	5403551.00	315.29	
512726.16	5403558.20	316.22	
512726.30	5403561.00	316.35	
512726.32	5403562.50	317.81	
512728.17	5403603.80	324.98	
512729.61	5403640.90	336.82	
512730.38	5403655.80	343.95	
512729.73	5403631.70	336.41	
512727.92	5403550.80	316.52	
512728.37	5403559.30	316.15	
512728.59	5403566.70	319.85	
512730.96	5403622.80	332.37	
512731.41	5403635.10	336.70	
512732.22	5403642.20	336.96	
512731.91	5403634.10	336.67	
512731.66	5403623.40	332.32	
512731.55	5403620.60	332.30	
512731.34	5403615.20	332.30	
512729.93	5403567.10	319.78	
512730.53	5403562.00	318.87	
512730.72	5403566.40	319.72	
512732.19	5403604.60	331.29	
512732.27	5403607.30	332.58	
512733.85	5403625.80	332.41	
512733.14	5403607.80	332.48	
512731.73	5403555.10	316.21	
512731.60	5403552.20	316.58	
512732.36	5403548.10	309.03	
512732.49	5403554.20	313.54	
512735.33	5403626.40	332.37	
512735.96	5403642.80	337.22	
512736.15	5403646.90	337.54	
512736.08	5403648.00	340.61	
512736.24	5403653.20	343.29	
512736.56	5403653.70	343.36	
512735.45	5403613.10	332.28	
512735.31	5403607.50	330.41	
512735.17	5403604.70	331.26	
512734.31	5403570.70	319.80	
512734.18	5403567.80	320.32	
512736.59	5403608.20	330.35	
512737.47	5403627.50	332.26	
512738.20	5403646.60	337.58	
512738.21	5403649.20	340.31	
512738.41	5403655.60	343.35	
512738.71	5403653.60	340.97	
512738.24	5403637.20	337.12	
512737.99	5403629.10	335.77	
512738.03	5403626.50	332.42	
512737.88	5403622.40	332.32	
512737.78	5403619.70	332.18	
512736.18	5403560.20	315.50	
512738.66	5403605.10	326.69	
512739.97	5403640.90	337.42	
512740.78	5403654.70	341.05	
512740.42	5403641.00	337.40	
512740.13	5403631.70	335.89	
512739.88	5403620.90	332.26	
512739.77	5403618.10	332.18	
512739.62	5403614.00	332.23	
512738.32	5403565.90	319.76	
512738.32	5403561.40	315.57	
512738.27	5403560.00	315.57	
512738.05	5403554.30	315.66	
512739.22	5403568.20	320.18	
512740.65	5403602.20	325.01	
512741.16	5403618.90	332.22	
512741.29	5403621.70	332.27	
512742.13	5403643.50	337.66	
512742.44	5403650.40	337.97	
512742.53	5403643.40	337.63	
512741.87	5403619.40	332.32	
512741.82	5403618.00	332.22	
512741.66	5403613.80	332.31	
512740.50	5403564.10	315.77	
512740.35	5403559.90	315.47	
512740.93	5403556.40	315.53	
512742.81	5403603.60	324.02	
512742.88	5403605.00	324.08	
512743.52	5403625.80	332.44	
512744.46	5403650.30	338.02	
512744.86	5403661.20	341.46	
512744.87	5403661.40	341.66	
512744.89	5403661.70	341.74	
512744.93	5403662.20	342.02	
512744.91	5403662.40	343.27	
512744.81	5403651.00	338.20	
512743.65	5403608.30	328.78	
512742.72	5403572.80	319.98	
512742.33	5403556.90	315.52	
512742.30	5403555.30	314.63	
512742.38	5403552.10	309.99	
512743.09	5403553.00	309.81	
512743.39	5403568.10	319.83	
512744.95	5403613.20	333.10	
512745.05	5403614.50	332.35	
512745.18	5403617.30	332.35	
512745.90	5403633.90	333.55	
512746.17	5403643.30	337.86	
512746.86	5403660.30	340.72	
512746.86	5403661.70	343.20	
512746.89	5403661.90	343.32	
512746.94	5403662.40	343.29	
512746.96	5403662.60	343.24	
512747.06	5403660.30	340.70	
512746.87	5403652.10	338.32	
512746.09	5403621.90	331.13	
512744.75	5403571.40	319.95	
512744.42	5403550.50	309.51	
512745.55	5403566.30	315.54	
512746.46	5403589.20	319.00	
512746.82	5403600.60	322.88	
512747.08	5403609.00	326.18	
512747.35	5403617.30	328.98	
512747.45	5403620.10	329.58	
512748.36	5403647.40	338.10	
512749.04	5403662.50	340.59	
512749.12	5403662.90	340.54	
512749.12	5403662.90	340.63	
512749.13	5403662.70	340.63	
512748.99	5403655.70	338.56	
512748.95	5403654.50	338.55	
512748.74	5403648.20	338.23	
512748.70	5403646.90	338.16	
512748.66	5403645.70	338.10	
512748.57	5403640.60	335.99	
512748.47	5403632.80	331.71	
512748.37	5403630.00	331.75	
512748.16	5403621.80	330.00	
512748.05	5403617.70	329.11	
512747.72	5403601.00	322.88	
512747.61	5403598.10	322.92	
512747.46	5403563.20	315.50	
512747.52	5403564.70	315.50	
512747.59	5403569.20	318.80	
512748.45	5403589.10	319.88	
512748.78	5403596.20	319.72	
512749.15	5403608.90	324.77	
512749.09	5403613.00	330.85	
512749.52	5403621.30	329.46	
512750.06	5403635.20	331.69	
512750.69	5403655.40	338.74	
512750.84	5403658.90	338.99	
512750.89	5403660.90	340.53	
512751.08	5403662.70	339.57	
512751.15	5403662.90	339.60	
512751.06	5403661.60	341.12	
512751.07	5403661.00	340.49	
512750.65	5403639.40	332.65	
512750.56	5403635.50	331.77	
512750.42	5403631.40	331.70	
512749.95	5403610.80	325.79	
512749.82	5403603.70	322.86	
512749.32	5403558.80	314.66	
512749.67	5403567.50	315.59	
512749.77	5403573.50	319.84	
512751.54	5403621.40	328.66	
512752.20	5403639.40	332.12	
512752.36	5403648.60	338.46	
512753.08	5403662.90	339.36	
512752.87	5403654.20	338.72	
512752.76	5403650.50	338.46	
512752.66	5403645.60	336.67	
512751.54	5403590.90	318.88	
512750.55	5403550.20	308.98	
512751.76	5403573.40	319.75	
512752.67	5403593.30	318.80	
512753.29	5403614.50	326.42	
512753.38	5403617.20	327.22	
512754.84	5403661.00	339.12	
512755.02	5403662.90	339.28	
512755.03	5403661.80	339.15	
512754.99	5403660.20	339.15	
512753.52	5403564.50	315.48	
512754.56	5403591.80	318.84	
512754.80	5403597.50	318.92	
512755.17	5403611.60	325.09	
512755.22	5403613.00	325.35	
512756.32	5403650.00	337.74	
512756.60	5403657.70	339.10	
512756.75	5403660.90	339.31	
512756.78	5403661.30	339.35	
512756.82	5403661.80	339.37	
512756.83	5403662.00	339.34	
512756.88	5403662.40	339.31	
512756.95	5403662.80	339.40	
512756.96	5403662.20	339.31	
512756.61	5403641.90	331.83	
512755.71	5403603.50	323.05	
512755.41	5403589.40	318.84	
512754.86	5403557.00	305.93	
512755.23	5403549.30	305.59	
512755.35	5403552.30	305.86	
512756.60	5403593.10	317.96	
512756.69	5403596.00	318.92	
512756.75	5403597.50	318.85	
512757.21	5403614.30	325.29	
512757.43	5403621.30	327.27	
512758.59	5403659.40	339.31	
512758.78	5403662.30	339.46	
512758.77	5403658.80	339.34	
512758.12	5403625.60	328.93	
512758.01	5403618.80	326.25	
512757.92	5403614.70	325.24	
512757.26	5403586.40	318.85	
512756.77	5403555.40	305.95	
512758.48	5403588.80	314.77	
512758.51	5403590.20	315.43	
512759.29	5403618.50	325.90	
512760.10	5403643.40	331.77	
512760.59	5403654.10	337.44	
512758.84	5403559.70	306.05	
512758.75	5403556.80	305.98	
512759.66	5403571.50	315.51	
512759.71	5403576.00	318.83	
512759.89	5403580.20	318.80	
512760.32	5403582.80	310.53	
512760.65	5403600.10	320.50	
512760.97	5403609.90	322.66	
512761.34	5403622.50	326.53	
512761.52	5403629.40	329.11	
512762.44	5403660.90	339.65	
512762.59	5403660.60	339.69	
512762.57	5403658.70	338.93	
512762.46	5403595.80	318.03	
512763.17	5403621.00	326.42	
512763.41	5403629.30	328.92	
512764.13	5403654.00	336.42	
512764.18	5403657.50	338.88	
512764.35	5403661.40	339.77	
512764.44	5403662.30	339.77	
512763.93	5403629.50	329.09	
512763.92	5403624.10	325.08	
512763.41	5403601.80	320.40	
512763.20	5403591.80	318.09	
512762.67	5403559.60	306.04	
512763.27	5403557.80	306.06	
512765.00	5403618.40	324.50	
512765.25	5403626.70	326.72	
512766.03	5403654.10	335.26	
512766.25	5403662.00	339.95	
512766.27	5403662.20	339.97	
512766.27	5403651.70	333.84	
512765.83	5403631.00	328.94	
512765.60	5403617.30	324.19	
512765.53	5403614.40	323.81	
512765.07	5403587.50	314.35	
512764.53	5403570.20	314.58	
512764.41	5403567.50	315.50	
512765.01	5403555.00	306.06	
512765.30	5403562.20	306.01	
512765.56	5403572.70	310.10	
512766.12	5403594.50	318.00	
512766.74	5403614.30	322.52	
512767.00	5403621.30	322.95	
512767.08	5403624.10	323.81	
512767.97	5403660.00	338.08	
512768.14	5403662.50	339.52	
512768.23	5403651.00	329.08	
512767.69	5403636.20	331.69	
512767.72	5403627.10	323.69	
512767.45	5403616.00	322.15	
512766.88	5403587.50	314.59	
512766.65	5403576.00	311.51	
512766.54	5403565.50	306.07	
512766.36	5403559.60	306.04	
512766.60	5403547.70	304.86	
512766.95	5403558.00	306.06	
512767.94	5403594.50	317.96	
512768.77	5403618.70	320.81	
512769.65	5403653.00	333.44	
512769.90	5403662.40	338.94	
512769.96	5403662.60	339.04	
512769.97	5403660.00	337.36	
512769.47	5403631.10	328.29	
512769.09	5403609.00	320.96	
512768.55	5403581.90	314.08	
512768.04	5403550.70	302.97	
512768.80	5403558.10	305.90	
512771.59	5403653.50	330.21	
512771.64	5403659.90	335.52	
512771.68	5403661.80	337.62	
512771.77	5403662.80	338.17	
512771.79	5403662.80	338.34	
512771.77	5403658.00	335.84	
512770.90	5403607.70	320.30	
512770.44	5403587.70	317.00	
512770.00	5403558.30	305.93	
512773.31	5403644.30	323.55	
512773.64	5403658.30	334.82	
512773.20	5403624.70	321.17	
512773.10	5403621.80	321.67	
512772.74	5403603.50	317.30	
512772.46	5403593.50	317.22	
512772.05	5403571.90	311.51	
512772.39	5403550.80	302.21	
512772.49	5403553.70	302.33	
512772.58	5403559.80	306.08	
512775.45	5403663.00	336.94	
512775.51	5403663.10	337.06	
512775.54	5403661.40	335.32	
512775.03	5403623.40	320.77	
512775.00	5403622.00	320.50	
512775.93	5403613.50	320.82	
512776.01	5403614.90	320.16	
512776.47	5403627.70	320.70	
512776.99	5403643.30	322.27	
512777.32	5403645.30	315.42	
512777.39	5403650.70	318.93	
512777.25	5403660.50	333.35	
512777.32	5403663.10	336.23	
512777.33	5403663.20	336.21	
512777.55	5403652.00	324.16	
512776.88	5403622.20	320.32	
512776.72	5403616.50	320.53	
512776.57	5403609.50	319.40	
512775.55	5403551.20	303.15	
512776.10	5403549.80	303.18	
512776.93	5403582.20	313.49	
512777.75	5403610.80	319.82	
512778.36	5403627.80	320.35	
512779.32	5403651.00	317.38	
512779.22	5403652.10	321.39	
512779.11	5403656.90	329.31	
512779.21	5403661.90	332.29	
512779.19	5403662.90	334.94	
512779.27	5403663.70	335.55	
512779.31	5403663.10	334.93	
512778.77	5403622.30	320.33	
512778.57	5403615.20	320.43	
512778.52	5403612.50	319.90	
512778.13	5403589.60	313.69	
512777.86	5403576.70	311.46	
512777.39	5403548.40	303.25	
512778.71	5403576.70	311.55	
512779.85	5403616.70	320.37	
512780.32	5403628.20	319.02	
512780.60	5403635.40	318.57	
512780.99	5403657.10	329.72	
512781.13	5403663.40	334.17	
512781.22	5403655.70	329.45	
512781.26	5403654.60	327.52	
512779.98	5403586.90	313.61	
512780.95	5403587.00	313.47	
512781.16	5403594.20	314.90	
512782.02	5403621.40	318.06	
512783.08	5403654.00	321.30	
512783.08	5403663.00	331.30	
512783.04	5403663.40	333.35	
512783.05	5403663.50	333.47	
512783.11	5403664.20	333.60	
512783.13	5403664.40	333.70	
512783.23	5403661.80	330.84	
512783.47	5403652.00	317.11	
512782.51	5403617.20	319.17	
512782.41	5403614.30	319.92	
512782.48	5403575.90	314.02	
512783.91	5403618.80	316.85	
512785.00	5403662.40	330.04	
512785.04	5403664.30	332.86	
512785.08	5403664.70	333.19	
512784.43	5403614.60	318.02	
512785.39	5403606.20	317.41	
512786.14	5403623.60	313.39	
512786.83	5403658.10	327.95	
512786.96	5403664.40	332.63	
512787.06	5403665.00	332.85	
512787.01	5403626.70	308.45	
512785.78	5403584.90	314.15	
512786.48	5403577.80	314.10	
512786.63	5403582.20	314.09	
512787.46	5403609.50	317.05	
512788.87	5403657.50	324.05	
512788.81	5403659.70	328.02	
512788.85	5403660.90	328.03	
512788.92	5403663.20	328.60	
512788.58	5403618.20	313.04	
512788.16	5403606.70	317.04	
512788.13	5403605.30	316.80	
512787.93	5403593.80	314.63	
512789.28	5403605.50	316.57	
512789.79	5403617.10	312.97	
512790.90	5403665.20	330.25	
512790.39	5403612.80	313.26	
512792.14	5403624.80	309.37	
512792.83	5403658.30	322.01	
512792.90	5403665.70	329.22	
512792.88	5403666.00	330.98	
512792.90	5403666.20	331.32	
512793.00	5403665.70	329.33	
512793.06	5403665.40	327.49	
512792.98	5403660.30	326.79	
512793.09	5403659.40	323.14	
512792.77	5403581.50	306.54	
512794.87	5403666.50	330.12	
512794.95	5403666.40	329.81	
512795.06	5403665.90	326.47	
512794.99	5403657.00	323.20	
512794.96	5403655.80	323.06	
512793.88	5403590.40	311.63	
512793.99	5403587.40	306.44	
512793.92	5403584.50	306.44	
512795.49	5403607.90	310.39	
512796.19	5403628.30	309.20	
512796.72	5403658.90	323.10	
512796.89	5403664.50	323.72	
512796.90	5403666.50	327.19	
512796.93	5403666.90	329.34	
512797.02	5403660.00	322.92	
512797.03	5403656.40	320.41	
512796.19	5403605.00	311.67	
512796.16	5403603.70	311.57	
512796.04	5403597.90	311.16	
512795.95	5403586.30	306.39	
512796.05	5403574.10	295.46	
512797.08	5403580.40	295.37	
512796.87	5403590.90	311.46	
512797.17	5403599.50	311.05	
512798.88	5403665.70	324.11	
512798.94	5403666.70	324.12	
512798.91	5403666.90	326.09	
512798.89	5403667.30	327.81	
512798.90	5403667.40	328.48	
512799.03	5403660.30	321.87	
512798.01	5403596.70	310.75	
512797.93	5403586.50	306.42	
512797.90	5403585.00	306.43	
512798.00	5403572.90	295.60	
512798.96	5403591.20	308.63	
512800.28	5403633.20	309.62	
512800.83	5403666.50	326.08	
512800.84	5403667.20	327.55	
512800.86	5403667.40	327.79	
512800.87	5403667.50	327.92	
512800.88	5403667.60	328.01	
512800.91	5403667.70	328.24	
512800.94	5403667.10	327.65	
512800.80	5403631.60	309.68	
512799.98	5403595.50	310.43	
512800.17	5403580.50	295.41	
512800.10	5403577.60	295.38	
512799.95	5403571.70	295.87	
512801.03	5403579.30	295.28	
512800.84	5403585.50	306.41	
512802.24	5403632.00	309.13	
512802.63	5403663.80	327.95	
512802.77	5403667.20	329.38	
512802.85	5403663.80	328.05	
512802.82	5403657.80	325.33	
512802.93	5403650.60	317.72	
512802.14	5403579.20	295.36	
512802.11	5403577.80	295.34	
512802.07	5403576.20	295.49	
512803.06	5403590.00	304.91	
512804.12	5403627.80	309.07	
512804.62	5403657.00	322.08	
512804.59	5403659.50	325.33	
512804.67	5403666.00	329.79	
512804.70	5403666.40	329.73	
512804.88	5403667.20	329.47	
512804.89	5403660.50	325.50	
512804.01	5403586.90	304.83	
512803.97	5403581.00	302.15	
512803.87	5403567.60	296.62	
512804.74	5403570.70	296.31	
512804.84	5403582.80	304.88	
512806.66	5403664.10	327.80	
512806.87	5403662.80	327.20	
512806.98	5403647.10	314.53	
512806.73	5403633.10	312.94	
512806.49	5403563.40	297.13	
512806.54	5403564.90	297.00	
512806.84	5403582.90	304.92	
512807.15	5403597.40	309.28	
512807.20	5403598.90	309.18	
512807.26	5403600.30	308.97	
512807.38	5403601.80	306.55	
512808.52	5403646.30	314.71	
512808.48	5403648.80	318.44	
512808.81	5403667.40	328.40	
512808.83	5403667.60	328.44	
512808.86	5403667.90	328.45	
512808.89	5403655.60	322.20	
512808.85	5403636.10	311.49	
512808.13	5403598.70	309.02	
512807.94	5403570.60	296.52	
512807.90	5403569.10	296.61	
512807.60	5403557.30	297.98	
512808.22	5403556.10	298.16	
512808.59	5403566.40	296.93	
512810.37	5403639.30	312.77	
512810.66	5403654.60	318.71	
512810.83	5403667.50	328.03	
512810.93	5403666.00	327.42	
512810.87	5403661.60	326.79	
512810.30	5403603.10	306.73	
512809.48	5403552.80	298.67	
512810.06	5403551.60	298.59	
512810.27	5403557.50	298.11	
512810.70	5403578.50	304.95	
512812.46	5403644.80	315.29	
512812.49	5403647.50	316.99	
512812.48	5403648.90	318.48	
512812.76	5403661.30	322.07	
512812.77	5403666.30	327.11	
512812.80	5403666.90	327.32	
512812.89	5403667.90	327.80	
512812.94	5403667.80	327.79	
512812.96	5403648.20	315.58	
512812.13	5403598.60	308.60	
512811.84	5403579.50	304.88	
512811.80	5403566.00	297.33	
512811.43	5403551.30	298.66	
512812.29	5403558.90	298.10	
512812.50	5403564.80	297.40	
512812.77	5403581.30	304.93	
512814.65	5403663.10	326.75	
512814.94	5403667.70	327.35	
512814.84	5403642.60	315.10	
512814.38	5403608.50	307.00	
512813.83	5403576.40	302.61	
512813.36	5403549.70	299.25	
512813.90	5403548.50	299.41	
512813.95	5403550.00	299.28	
512814.16	5403555.80	298.51	
512814.64	5403575.10	302.60	
512816.78	5403666.50	326.66	
512816.79	5403666.50	326.70	
512816.83	5403667.10	326.97	
512816.87	5403667.60	327.38	
512816.88	5403667.70	327.44	
512816.92	5403667.70	327.38	
512816.98	5403661.70	322.43	
512816.96	5403660.40	322.35	
512816.83	5403637.00	311.55	
512816.31	5403606.80	307.55	
512816.07	5403554.10	298.81	
512818.24	5403635.90	311.83	
512818.74	5403665.80	326.47	
512818.80	5403666.80	326.61	
512818.85	5403667.30	326.68	
512819.04	5403665.10	322.30	
512817.73	5403579.00	305.77	
512817.40	5403553.50	298.95	
512818.03	5403553.80	298.96	
512818.35	5403567.30	302.42	
512820.76	5403666.00	325.80	
512820.78	5403666.70	326.66	
512820.80	5403666.80	326.43	
512820.83	5403667.10	326.47	
512820.90	5403667.30	326.49	
512819.52	5403565.30	302.46	
512819.48	5403563.80	302.46	
512820.31	5403567.00	302.45	
512822.72	5403662.60	322.36	
512822.78	5403664.40	322.48	
512822.80	5403665.00	322.38	
512822.87	5403666.30	322.48	
512822.90	5403666.60	322.41	
512822.90	5403666.80	322.73	
512822.82	5403666.80	326.49	
512822.40	5403613.30	307.09	
512822.30	5403608.90	307.13	
512821.43	5403562.00	302.36	
512821.83	5403552.00	302.50	
512822.16	5403562.30	302.47	
512823.23	5403598.90	305.36	
512823.58	5403612.00	307.27	
512823.68	5403614.90	307.16	
512824.79	5403664.60	322.41	
512825.00	5403665.80	322.35	
512824.16	5403602.70	306.81	
512826.88	5403666.20	322.33	
512826.91	5403666.40	322.29	
512826.94	5403666.70	322.33	
512826.96	5403666.80	322.36	
512826.55	5403621.20	306.56	
512826.11	5403600.80	306.56	
512827.92	5403556.70	302.45	
512829.07	5403596.30	306.01	
512830.58	5403653.70	315.88	
512830.92	5403666.00	322.33	
512830.81	5403649.40	316.09	
512830.11	5403602.80	306.61	
512830.03	5403598.50	306.07	
512830.01	5403597.10	305.93	
512829.95	5403594.20	305.68	
512832.48	5403646.40	312.12	
512832.69	5403656.30	315.45	
512832.88	5403646.70	312.13	
512832.19	5403606.80	306.89	
512832.04	5403598.10	305.92	
512831.95	5403593.80	305.64	
512831.90	5403590.80	305.37	
512834.30	5403640.30	312.18	
512834.23	5403607.90	306.93	
512834.09	5403600.60	306.29	
512833.99	5403594.90	305.65	
512834.66	5403734.90	347.35	
512834.42	5403714.20	339.89	
512834.18	5403692.80	332.14	
512834.15	5403691.30	330.66	
512834.14	5403689.80	329.98	
512833.63	5403672.40	326.68	
512833.59	5403687.40	328.49	
512833.62	5403713.20	339.82	
512833.62	5403736.60	347.46	
512833.61	5403739.20	347.48	
512833.52	5403774.20	352.92	
512833.50	5403777.00	352.66	
512833.56	5403797.20	365.31	
512833.55	5403804.00	366.92	
512833.38	5403807.60	367.73	
512833.24	5403796.80	365.29	
512832.73	5403750.80	350.71	
512832.69	5403749.60	348.63	
512832.53	5403729.20	347.00	
512832.44	5403720.90	344.01	
512832.11	5403693.80	332.42	
512832.05	5403688.10	330.75	
512831.83	5403668.50	322.36	
512831.44	5403665.40	315.79	
512831.53	5403681.50	328.21	
512831.53	5403682.90	328.21	
512831.54	5403704.30	336.25	
512831.55	5403708.50	338.28	
512831.52	5403748.30	349.76	
512831.49	5403781.40	359.33	
512830.67	5403753.20	351.06	
512830.57	5403745.10	347.63	
512829.93	5403684.70	328.88	
512829.86	5403676.00	327.82	
512829.42	5403669.90	322.37	
512829.46	5403691.20	332.29	
512829.48	5403729.10	346.90	
512829.47	5403730.50	346.94	
512829.45	5403750.70	352.26	
512829.28	5403806.60	370.33	
512829.26	5403806.60	370.50	
512829.24	5403806.50	370.03	
512829.20	5403804.50	369.31	
512829.06	5403793.60	365.70	
512828.95	5403784.00	362.43	
512828.49	5403746.20	347.51	
512828.12	5403707.50	338.96	
512827.72	5403671.20	326.56	
512827.66	5403669.20	322.42	
512827.40	5403723.30	346.40	
512827.38	5403730.10	346.71	
512827.36	5403735.50	347.15	
512827.34	5403741.00	347.27	
512827.31	5403749.10	347.58	
512827.33	5403798.50	367.97	
512827.32	5403803.80	370.06	
512827.13	5403805.50	370.25	
512826.19	5403721.30	346.32	
512826.11	5403714.30	343.40	
512825.64	5403672.50	328.28	
512825.22	5403666.60	322.33	
512825.24	5403700.50	335.97	
512825.26	5403706.30	339.53	
512825.27	5403710.50	341.79	
512825.27	5403725.70	346.44	
512825.26	5403755.40	356.48	
512824.52	5403772.30	352.90	
512824.51	5403771.00	352.94	
512824.15	5403731.90	346.70	
512823.77	5403698.30	335.17	
512823.09	5403665.10	322.37	
512823.13	5403675.10	328.95	
512823.12	5403682.00	331.06	
512823.13	5403703.30	338.62	
512823.15	5403753.80	357.38	
512822.31	5403753.10	357.81	
512822.14	5403746.60	347.88	
512821.89	5403715.30	345.99	
512821.64	5403696.80	336.30	
512821.31	5403667.50	326.46	
512820.99	5403683.10	331.17	
512821.02	5403795.00	371.32	
512820.90	5403804.90	373.58	
512820.68	5403793.10	371.46	
512820.55	5403785.20	366.08	
512820.45	5403777.70	363.04	
512820.46	5403776.40	364.36	
512820.32	5403770.30	356.60	
512820.25	5403754.20	360.99	
512819.82	5403720.50	345.87	
512819.77	5403715.00	345.72	
512819.42	5403687.80	332.08	
512818.90	5403670.60	328.11	
512818.89	5403682.90	331.59	
512818.90	5403725.10	345.94	
512818.97	5403759.80	362.82	
512818.82	5403766.90	353.00	
512818.91	5403778.30	364.42	
512818.93	5403795.80	372.36	
512818.78	5403804.90	373.47	
512818.45	5403785.00	365.91	
512818.13	5403755.40	358.71	
512817.82	5403731.30	348.51	
512817.72	5403721.70	345.81	
512817.65	5403713.50	345.44	
512817.44	5403696.50	337.80	
512817.39	5403692.20	336.62	
512817.27	5403683.30	331.83	
512817.07	5403664.20	326.61	
512816.78	5403666.20	326.70	
512816.83	5403754.40	359.81	
512816.81	5403796.90	373.48	
512816.48	5403792.60	372.83	
512816.35	5403781.90	369.48	
512816.24	5403775.90	364.71	
512815.91	5403751.30	353.77	
512815.52	5403713.30	345.24	
512815.37	5403700.60	340.76	
512814.84	5403659.00	322.35	
512814.65	5403664.80	326.65	
512814.67	5403692.70	337.42	
512814.68	5403695.60	338.59	
512814.69	5403702.70	342.09	
512814.64	5403751.70	353.53	
512814.71	5403754.20	359.95	
512814.70	5403770.00	364.30	
512814.69	5403773.90	364.82	
512814.70	5403776.40	366.68	
512814.68	5403779.10	366.31	
512814.59	5403804.00	377.05	
512814.25	5403782.90	371.05	
512814.22	5403781.70	369.42	
512814.03	5403762.60	366.19	
512813.37	5403711.80	345.02	
512813.03	5403685.90	332.96	
512812.96	5403678.60	331.05	
512812.85	5403668.20	328.01	
512812.54	5403716.40	345.17	
512812.53	5403717.80	345.15	
512812.57	5403773.70	366.00	
512812.58	5403797.50	375.87	
512812.18	5403787.50	372.83	
512811.96	5403770.20	366.03	
512810.58	5403660.60	322.26	
512810.57	5403659.50	321.89	
512810.44	5403655.40	319.64	
512810.36	5403654.60	318.62	
512810.36	5403672.70	329.40	
512810.38	5403683.90	333.77	
512810.42	5403710.80	344.91	
512810.41	5403712.10	344.96	
512810.43	5403772.20	366.13	
512810.46	5403780.90	371.57	
512810.48	5403789.60	376.07	
512810.46	5403793.50	376.25	
512809.85	5403773.90	366.66	
512809.60	5403752.00	360.65	
512809.56	5403750.70	358.72	
512809.05	5403707.20	344.56	
512808.84	5403690.20	338.35	
512808.77	5403684.40	335.97	
512808.67	5403678.20	330.96	
512808.37	5403656.60	322.27	
512808.27	5403654.90	322.29	
512808.20	5403655.90	322.34	
512808.22	5403668.50	328.87	
512808.22	5403676.70	330.96	
512808.27	5403685.50	337.47	
512808.28	5403706.40	344.46	
512808.26	5403714.80	344.95	
512808.34	5403773.10	370.00	
512808.35	5403789.40	376.22	
512808.32	5403798.20	377.08	
512808.25	5403802.70	378.16	
512808.13	5403802.60	378.28	
512807.80	5403775.90	371.85	
512807.62	5403760.70	367.41	
512806.73	5403691.50	339.30	
512806.39	5403664.80	327.86	
512806.19	5403655.70	322.29	
512806.18	5403655.40	322.29	
512806.07	5403654.60	322.12	
512806.05	5403655.80	322.41	
512806.15	5403714.70	347.90	
512806.15	5403801.80	378.99	
512806.13	5403802.20	379.13	
512806.11	5403802.70	379.17	
512805.51	5403763.00	368.82	
512805.25	5403747.60	358.78	
512804.95	5403723.50	350.67	
512804.86	5403715.20	348.26	
512804.82	5403712.50	347.58	
512804.69	5403701.30	344.11	
512804.34	5403677.80	330.90	
512803.99	5403655.30	321.85	
512803.97	5403717.20	348.78	
512803.98	5403742.90	357.16	
512803.99	5403745.50	358.70	
512804.02	5403750.70	363.00	
512804.05	5403777.60	373.83	
512804.03	5403798.50	379.26	
512804.03	5403799.30	379.30	
512803.88	5403802.90	379.82	
512803.11	5403748.70	361.22	
512803.05	5403744.70	358.78	
512802.76	5403721.90	351.04	
512802.57	5403709.40	344.28	
512801.77	5403654.90	319.76	
512801.70	5403673.40	331.04	
512801.79	5403717.20	349.47	
512801.80	5403722.50	351.70	
512801.83	5403745.30	360.69	
512801.23	5403767.70	371.48	
512800.92	5403747.20	361.82	
512800.46	5403710.80	349.60	
512800.31	5403702.30	343.84	
512799.69	5403659.50	321.98	
512799.55	5403654.50	319.58	
512799.46	5403653.70	319.55	
512799.41	5403655.50	319.62	
512799.42	5403660.40	321.87	
512799.50	5403669.30	329.81	
512799.57	5403704.40	343.87	
512799.71	5403767.00	371.68	
512799.73	5403777.10	376.03	
512799.65	5403801.40	380.98	
512798.33	5403717.50	349.04	
512798.10	5403699.40	343.70	
512798.09	5403698.00	343.53	
512797.77	5403674.80	333.43	
512797.71	5403671.60	331.17	
512797.40	5403655.00	319.59	
512797.36	5403654.50	319.53	
512797.35	5403677.60	334.83	
512797.40	5403700.20	343.60	
512797.39	5403701.60	343.56	
512797.44	5403734.40	355.16	
512797.49	5403742.50	361.20	
512797.56	5403760.50	370.72	
512797.55	5403794.80	379.71	
512797.45	5403802.00	381.81	
512797.21	5403792.80	378.35	
512797.07	5403779.70	377.20	
512796.82	5403762.30	370.97	
512796.81	5403761.00	370.69	
512796.79	5403759.80	370.34	
512796.67	5403752.10	366.77	
512795.38	5403665.20	326.02	
512795.14	5403654.50	318.89	
512795.04	5403654.40	322.00	
512795.10	5403667.90	330.67	
512795.20	5403691.90	343.06	
512795.21	5403722.20	350.72	
512795.26	5403733.10	357.04	
512795.27	5403735.70	358.11	
512795.34	5403752.80	367.28	
512794.81	5403773.50	376.24	
512794.32	5403741.60	361.92	
512793.79	5403703.60	348.13	
512793.52	5403683.80	340.67	
512792.90	5403654.20	317.01	
512792.77	5403652.90	315.74	
512793.03	5403705.90	347.66	
512793.02	5403725.00	350.90	
512793.11	5403737.00	360.36	
512793.15	5403801.10	382.78	
512793.11	5403801.70	382.75	
512793.04	5403801.90	382.87	
512792.96	5403798.00	382.04	
512792.61	5403771.00	375.80	
512792.45	5403760.90	371.29	
512791.91	5403726.90	354.95	
512791.88	5403724.20	354.75	
512791.38	5403686.70	342.65	
512791.19	5403675.00	336.12	
512790.64	5403653.20	316.65	
512790.85	5403703.10	347.83	
512790.85	5403704.50	347.64	
512790.98	5403748.80	365.83	
512791.07	5403792.00	381.43	
512791.06	5403797.70	382.54	
512791.04	5403800.20	383.13	
512791.03	5403800.40	383.18	
512790.92	5403801.90	383.92	
512790.85	5403799.70	383.19	
512788.83	5403664.00	328.75	
512788.72	5403657.90	325.70	
512788.50	5403653.70	316.66	
512788.60	5403673.70	335.81	
512788.66	5403679.60	341.65	
512788.83	5403746.20	365.17	
512788.85	5403750.20	367.48	
512788.94	5403778.00	379.48	
512788.90	5403800.50	383.68	
512788.77	5403801.90	384.02	
512788.64	5403793.40	382.63	
512786.98	5403681.00	341.77	
512786.97	5403679.70	342.01	
512786.37	5403658.70	328.82	
512786.37	5403662.60	330.07	
512786.44	5403667.30	335.40	
512786.49	5403685.00	342.12	
512786.82	5403785.40	382.32	
512786.82	5403788.00	382.76	
512786.81	5403797.50	383.29	
512786.08	5403763.20	374.35	
512784.66	5403667.90	337.29	
512784.33	5403655.40	325.06	
512784.18	5403655.30	324.61	
512784.36	5403686.30	342.17	
512784.40	5403696.30	346.61	
512784.67	5403767.90	376.11	
512784.71	5403792.90	383.60	
512783.43	5403729.50	359.96	
512782.48	5403666.20	335.62	
512782.25	5403655.90	329.26	
512782.13	5403654.40	325.10	
512782.05	5403653.60	321.63	
512782.27	5403701.60	347.70	
512782.51	5403756.40	372.42	
512782.58	5403799.90	387.06	
512782.16	5403782.70	382.80	
512781.65	5403751.70	369.73	
512781.18	5403721.40	358.15	
512780.47	5403673.80	340.85	
512780.22	5403660.50	332.41	
512779.99	5403654.80	328.90	
512779.98	5403654.70	328.90	
512780.02	5403666.10	337.03	
512780.05	5403686.30	341.90	
512780.11	5403699.00	347.02	
512780.32	5403746.10	368.01	
512780.45	5403786.50	383.07	
512780.14	5403793.00	383.93	
512779.94	5403777.70	381.58	
512779.73	5403765.50	376.44	
512779.14	5403730.70	360.86	
512779.12	5403729.30	360.53	
512778.41	5403685.00	341.74	
512778.34	5403678.10	341.94	
512778.21	5403669.30	339.03	
512778.03	5403659.50	333.53	
512777.87	5403671.50	340.96	
512777.87	5403672.90	341.22	
512777.93	5403700.20	347.98	
512778.06	5403728.90	360.51	
512778.11	5403740.80	365.57	
512777.69	5403772.80	379.99	
512776.97	5403730.60	360.88	
512776.28	5403689.20	342.50	
512776.13	5403676.50	341.35	
512775.60	5403654.60	328.92	
512775.68	5403669.00	340.33	
512775.68	5403678.10	341.29	
512775.68	5403680.70	341.35	
512775.69	5403691.70	342.71	
512775.69	5403697.20	343.41	
512775.77	5403704.40	349.76	
512776.00	5403747.20	369.81	
512776.04	5403756.20	374.05	
512775.83	5403794.00	384.79	
512774.97	5403739.80	367.12	
512774.84	5403733.20	362.81	
512774.19	5403696.20	344.54	
512773.75	5403663.60	337.91	
512773.66	5403659.60	334.78	
512773.52	5403655.70	333.68	
512773.41	5403657.20	333.93	
512773.49	5403669.00	340.83	
512773.51	5403686.30	343.19	
512773.51	5403694.50	344.07	
512773.64	5403715.50	354.63	
512773.81	5403744.60	369.59	
512773.95	5403787.50	383.90	
512773.88	5403800.80	388.55	
512773.11	5403759.00	374.31	
512772.85	5403742.40	369.04	
512772.05	5403697.60	345.84	
512771.35	5403655.80	334.34	
512771.32	5403667.60	340.80	
512771.36	5403682.40	344.46	
512771.34	5403686.30	343.41	
512771.56	5403726.20	360.99	
512771.66	5403742.00	369.21	
512771.73	5403757.30	375.53	
512771.81	5403784.90	383.89	
512771.81	5403786.30	383.81	
512771.76	5403800.40	388.64	
512771.54	5403791.00	388.50	
512770.69	5403742.30	368.94	
512770.56	5403734.50	365.77	
512769.80	5403694.60	343.36	
512769.59	5403677.70	340.88	
512769.29	5403657.60	337.18	
512769.13	5403655.30	334.92	
512769.13	5403666.30	340.54	
512769.13	5403670.10	340.50	
512769.13	5403671.40	340.58	
512769.18	5403682.20	344.83	
512769.44	5403735.40	365.75	
512769.47	5403738.10	367.81	
512769.70	5403793.40	388.45	
512769.66	5403799.30	388.48	
512769.63	5403800.00	388.79	
512769.55	5403800.80	388.62	
512768.15	5403721.10	359.61	
512767.71	5403698.90	346.22	
512767.51	5403682.30	345.33	
512767.13	5403658.40	337.38	
512766.95	5403655.40	335.52	
512766.94	5403655.40	335.47	
512767.21	5403724.80	361.24	
512767.27	5403730.20	365.77	
512767.26	5403739.30	365.76	
512767.47	5403779.70	383.56	
512767.46	5403799.90	388.62	
512767.45	5403800.10	388.65	
512766.18	5403731.60	365.84	
512765.82	5403712.80	355.70	
512765.58	5403698.90	349.63	
512765.55	5403697.60	348.87	
512765.47	5403694.60	345.49	
512764.96	5403659.00	338.09	
512764.90	5403656.80	338.76	
512764.76	5403661.00	339.93	
512764.76	5403666.10	340.08	
512764.76	5403667.40	340.23	
512764.83	5403695.80	346.28	
512764.98	5403713.90	356.70	
512765.10	5403726.10	365.43	
512765.10	5403728.70	365.71	
512765.10	5403739.20	365.86	
512765.17	5403743.00	371.16	
512765.17	5403744.30	371.50	
512765.32	5403779.60	383.59	
512765.12	5403795.30	388.67	
512764.27	5403744.50	372.25	
512763.20	5403684.80	345.34	
512763.17	5403683.40	344.84	
512762.82	5403659.10	339.62	
512762.69	5403656.20	338.98	
512762.61	5403655.70	339.29	
512762.58	5403668.50	340.04	
512762.88	5403722.00	361.21	
512763.01	5403740.40	371.15	
512763.03	5403742.90	372.79	
512763.17	5403780.80	384.19	
512762.78	5403785.20	385.58	
512762.58	5403772.00	382.58	
512761.89	5403735.40	365.83	
512761.81	5403728.80	365.82	
512761.66	5403720.80	361.96	
512761.43	5403709.90	354.95	
512761.10	5403691.70	346.40	
512760.52	5403656.40	338.87	
512760.47	5403655.80	338.46	
512760.39	5403656.20	338.79	
512760.38	5403664.60	339.82	
512760.44	5403677.90	343.95	
512760.45	5403680.70	344.74	
512760.45	5403687.30	344.68	
512760.55	5403700.00	351.69	
512760.59	5403702.90	354.20	
512760.70	5403721.90	362.44	
512761.05	5403792.90	388.94	
512760.70	5403789.50	388.29	
512759.18	5403705.70	354.47	
512759.13	5403701.70	354.10	
512758.95	5403691.80	349.76	
512758.52	5403667.30	339.78	
512758.41	5403658.90	339.38	
512758.39	5403658.30	339.36	
512758.17	5403660.70	339.56	
512758.23	5403672.50	343.26	
512758.27	5403690.10	346.53	
512758.54	5403725.70	364.94	
512758.70	5403745.20	376.06	
512758.74	5403761.80	379.16	
512758.81	5403799.10	388.78	
512758.79	5403799.50	388.71	
512758.73	5403800.20	388.74	
512757.72	5403742.80	374.28	
512757.49	5403733.80	366.03	
512757.09	5403709.80	358.72	
512756.49	5403677.40	344.00	
512756.15	5403657.00	339.24	
512756.13	5403656.50	339.22	
512756.04	5403655.50	339.06	
512755.97	5403663.00	339.41	
512756.09	5403690.20	347.76	
512756.30	5403715.00	361.59	
512756.31	5403717.70	362.21	
512756.33	5403720.50	363.38	
512756.56	5403760.40	379.12	
512756.68	5403784.10	387.44	
512756.57	5403800.10	388.77	
512756.56	5403800.20	388.73	
512756.38	5403791.40	388.74	
512756.37	5403790.30	388.90	
512756.27	5403784.70	387.48	
512755.86	5403761.80	379.28	
512755.84	5403760.50	379.21	
512754.28	5403675.80	343.72	
512753.87	5403655.60	339.08	
512753.79	5403655.30	338.95	
512754.29	5403738.70	373.20	
512754.44	5403769.00	383.23	
512754.48	5403779.00	385.82	
512754.49	5403780.20	386.27	
512754.30	5403796.70	389.58	
512754.09	5403783.40	387.76	
512753.38	5403742.60	375.45	
512752.94	5403720.40	364.38	
512752.70	5403708.30	358.80	
512751.90	5403665.50	339.71	
512751.81	5403659.30	339.05	
512751.57	5403660.30	339.21	
512751.84	5403697.20	355.58	
512751.89	5403708.10	358.90	
512752.05	5403729.50	369.07	
512752.22	5403765.40	379.46	
512752.35	5403798.30	390.04	
512752.30	5403799.10	389.95	
512752.19	5403799.30	390.07	
512751.74	5403772.60	384.47	
512751.23	5403742.50	376.26	
512750.68	5403715.00	363.11	
512750.44	5403702.70	357.30	
512749.67	5403660.40	340.70	
512749.59	5403657.20	338.80	
512749.40	5403655.70	338.72	
512749.41	5403659.30	340.57	
512749.46	5403668.40	343.42	
512749.47	5403673.50	344.11	
512749.48	5403674.80	344.27	
512749.83	5403721.50	365.42	
512749.91	5403730.80	370.58	
512750.13	5403771.30	384.32	
512750.16	5403776.30	386.31	
512750.22	5403787.30	389.80	
512749.58	5403772.40	385.04	
512748.28	5403704.00	357.58	
512748.24	5403701.20	357.24	
512748.01	5403688.80	351.99	
512747.76	5403677.00	344.78	
512747.48	5403658.20	343.01	
512747.32	5403655.60	338.72	
512747.22	5403654.90	338.55	
512747.20	5403655.50	338.67	
512747.42	5403688.70	352.11	
512747.51	5403701.20	357.43	
512747.54	5403706.50	359.14	
512747.99	5403773.70	385.74	
512748.06	5403788.40	390.16	
512746.26	5403709.50	363.07	
512745.83	5403688.60	352.29	
512745.29	5403659.20	340.85	
512745.28	5403657.60	342.69	
512745.05	5403657.10	340.86	
512745.10	5403667.00	343.87	
512745.53	5403722.70	368.01	
512745.81	5403768.60	384.76	
512745.91	5403793.20	390.18	
512745.90	5403797.10	390.26	
512745.89	5403797.40	390.25	
512745.69	5403797.10	390.20	
512745.68	5403796.10	390.15	
512745.53	5403786.20	390.09	
512745.31	5403773.30	386.83	
512745.06	5403761.10	381.33	
512744.84	5403747.20	379.21	
512744.55	5403731.80	373.48	
512743.96	5403703.80	359.06	
512743.86	5403698.30	356.64	
512743.34	5403672.60	344.18	
512743.11	5403658.00	342.31	
512742.94	5403675.80	344.32	
512743.01	5403678.90	348.63	
512743.18	5403699.70	357.55	
512743.20	5403703.70	358.98	
512743.37	5403718.60	368.38	
512743.72	5403775.80	388.07	
512743.76	5403787.00	390.08	
512743.76	5403788.30	390.14	
512743.72	5403798.20	390.18	
512743.67	5403799.00	390.23	
512743.63	5403799.30	390.19	
512743.57	5403798.40	390.19	
512743.02	5403765.80	384.65	
512742.90	5403758.30	383.40	
512742.01	5403713.20	365.11	
512741.34	5403679.90	349.47	
512741.26	5403678.10	345.30	
512740.81	5403655.40	341.25	
512740.74	5403655.90	343.19	
512740.93	5403688.60	353.92	
512741.10	5403703.80	363.16	
512741.10	5403707.80	362.92	
512741.26	5403726.50	371.82	
512741.52	5403767.00	386.07	
512741.54	5403772.00	387.43	
512741.60	5403795.10	390.10	
512741.59	5403796.90	390.23	
512741.57	5403797.70	390.23	
512741.50	5403799.00	390.07	
512741.45	5403799.20	390.13	
512741.17	5403782.40	390.06	
512741.00	5403773.00	387.96	
512740.45	5403743.10	379.11	
512738.83	5403699.50	358.76	
512739.00	5403719.80	367.79	
512739.08	5403725.10	372.05	
512739.38	5403773.10	388.13	
512739.36	5403798.70	390.09	
512739.33	5403798.90	390.09	
512739.31	5403799.10	390.13	
512739.20	5403795.80	390.12	
512739.03	5403784.70	390.04	
512737.81	5403721.00	368.73	
512737.80	5403719.80	368.95	
512737.72	5403715.80	367.53	
512737.63	5403711.70	365.31	
512736.43	5403675.90	347.67	
512736.48	5403680.20	350.66	
512736.51	5403683.00	352.52	
512737.19	5403768.10	387.62	
512737.20	5403769.20	387.96	
512737.22	5403776.70	389.13	
512737.24	5403780.40	389.91	
512737.25	5403788.00	390.17	
512737.23	5403797.70	390.17	
512737.19	5403798.50	390.15	
512737.16	5403798.90	390.25	
512737.08	5403798.50	390.18	
512737.07	5403798.10	390.16	
512735.20	5403698.30	362.16	
512735.03	5403691.10	357.10	
512734.95	5403687.00	355.73	
512734.84	5403682.70	352.57	
512734.62	5403671.20	348.09	
512734.22	5403673.30	347.86	
512734.46	5403695.60	359.88	
512734.59	5403709.10	366.81	
512734.62	5403714.50	368.06	
512734.82	5403735.30	378.38	
512735.08	5403786.70	390.17	
512735.09	5403795.60	390.14	
512735.07	5403797.00	390.15	
512735.03	5403798.20	390.31	
512734.99	5403798.80	390.33	
512734.92	5403798.80	390.33	
512734.82	5403793.60	390.13	
512734.65	5403782.20	389.98	
512733.85	5403739.10	379.13	
512733.49	5403722.30	371.40	
512732.96	5403696.70	360.37	
512732.08	5403673.70	351.40	
512732.17	5403685.90	356.01	
512732.64	5403737.80	379.20	
512732.64	5403739.00	379.24	
512732.84	5403770.30	388.42	
512732.89	5403785.30	390.13	
512732.72	5403797.80	390.72	
512732.39	5403777.30	389.87	
512732.26	5403770.20	388.45	
512731.69	5403741.50	379.53	
512731.16	5403715.70	369.59	
512730.60	5403689.80	357.95	
512730.54	5403687.00	356.71	
512730.00	5403691.30	358.84	
512730.26	5403717.00	371.27	
512730.39	5403731.30	377.36	
512730.70	5403790.40	390.04	
512730.70	5403792.80	390.09	
512730.61	5403798.70	390.63	
512730.22	5403779.80	389.89	
512730.16	5403776.10	389.76	
512730.06	5403770.10	389.01	
512730.01	5403767.70	388.36	
512729.81	5403755.20	387.61	
512729.66	5403749.00	384.04	
512729.24	5403728.70	376.57	
512727.68	5403656.80	346.48	
512727.46	5403657.90	344.19	
512727.47	5403659.10	344.32	
512727.48	5403664.00	344.41	
512727.62	5403670.00	352.33	
512727.71	5403683.20	356.07	
512727.94	5403706.40	366.41	
512728.39	5403757.80	387.62	
512728.50	5403787.80	390.03	
512728.50	5403790.40	389.99	
512728.32	5403797.80	390.57	
512728.20	5403791.20	390.10	
512727.92	5403773.70	389.72	
512727.77	5403763.80	389.56	
512727.17	5403735.10	379.26	
512726.35	5403698.10	362.71	
512725.31	5403656.40	348.53	
512725.29	5403657.50	347.90	
512725.81	5403714.50	370.74	
512725.90	5403722.40	374.99	
512725.95	5403727.50	376.73	
512726.25	5403769.00	389.62	
512726.28	5403777.80	389.88	
512726.29	5403781.60	389.93	
512726.32	5403791.70	390.12	
512726.20	5403798.90	390.51	
512726.19	5403798.90	390.59	
512726.15	5403798.40	390.59	
512725.99	5403790.20	390.05	
512725.94	5403786.80	389.95	
512725.92	5403785.60	389.82	
512725.79	5403777.30	389.87	
512725.75	5403774.90	389.72	
512725.54	5403761.40	389.54	
512725.48	5403757.70	389.57	
512725.38	5403754.00	386.96	
512723.91	5403687.20	358.74	
512723.84	5403684.40	357.31	
512723.43	5403663.30	351.10	
512723.40	5403662.00	350.47	
512723.10	5403664.70	349.20	
512723.15	5403670.00	351.40	
512723.44	5403698.50	363.64	
512723.88	5403742.80	383.17	
512723.95	5403751.60	386.10	
512724.05	5403766.50	389.52	
512724.07	5403774.00	389.78	
512724.13	5403796.10	390.43	
512723.97	5403798.80	390.50	
512723.97	5403798.70	390.50	
512723.95	5403798.40	390.46	
512723.63	5403779.70	389.93	
512723.37	5403763.80	389.57	
512722.79	5403736.50	380.17	
512722.76	5403735.20	379.77	
512722.58	5403726.20	377.30	
512722.11	5403706.40	367.39	
512721.90	5403696.90	363.28	
512721.81	5403692.80	361.74	
512721.66	5403685.80	358.59	
512721.55	5403681.60	356.32	
512721.50	5403678.80	355.56	
512721.11	5403659.10	350.22	
512721.09	5403658.50	349.81	
512721.21	5403697.20	363.68	
512721.30	5403705.20	367.20	
512721.31	5403706.60	367.56	
512721.77	5403753.00	387.13	
512721.86	5403769.10	389.66	
512721.90	5403781.60	389.80	
512721.90	5403783.00	389.89	
512721.93	5403791.70	390.23	
512721.94	5403795.50	390.29	
512721.91	5403797.70	390.52	
512721.78	5403798.70	390.55	
512721.50	5403783.30	389.94	
512721.32	5403772.50	389.78	
512720.83	5403746.50	385.16	
512720.41	5403726.30	378.98	
512720.00	5403709.20	370.52	
512719.97	5403707.80	370.02	
512719.26	5403677.50	355.71	
512719.10	5403670.30	352.47	
512718.83	5403659.60	346.88	
512718.74	5403656.80	345.80	
512719.19	5403713.40	372.20	
512719.36	5403729.00	379.18	
512719.59	5403753.00	388.36	
512719.64	5403764.20	389.50	
512719.73	5403788.00	390.18	
512719.39	5403789.10	390.08	
512719.37	5403788.00	390.08	
512719.21	5403778.60	389.75	
512719.05	5403768.90	389.51	
512718.84	5403756.50	388.84	
512718.82	5403755.30	388.79	
512718.44	5403739.00	382.20	
512718.39	5403736.50	381.75	
512718.25	5403730.10	379.34	
512717.57	5403701.20	366.35	
512717.54	5403699.80	365.84	
512717.24	5403687.40	359.97	
512716.65	5403686.50	359.87	
512717.37	5403753.10	387.93	
512717.45	5403769.20	389.50	
512717.46	5403771.80	389.65	
512717.55	5403792.90	390.23	
512717.55	5403796.30	390.28	
512717.53	5403797.50	390.35	
512717.48	5403798.60	390.44	
512717.02	5403778.70	389.69	
512716.75	5403762.70	389.38	
512716.73	5403761.50	389.37	
512716.66	5403757.80	388.66	
512716.63	5403756.50	388.67	
512715.60	5403710.80	372.22	
512715.48	5403705.40	370.03	
512715.36	5403701.20	366.93	
512714.54	5403665.10	353.02	
512714.74	5403709.60	372.05	
512715.14	5403749.40	386.13	
512715.26	5403766.80	389.42	
512715.28	5403770.50	389.54	
512715.30	5403776.80	389.68	
512715.36	5403790.70	390.11	
512715.38	5403796.30	390.26	
512715.36	5403797.40	390.37	
512715.36	5403797.60	390.32	
512715.35	5403797.90	390.42	
512714.80	5403776.30	389.76	
512714.49	5403759.10	388.68	
512714.22	5403745.40	386.20	
512714.19	5403744.10	385.86	
512713.66	5403721.30	377.29	
512713.40	5403710.80	372.67	
512713.25	5403704.10	370.08	
512712.87	5403689.10	362.64	
512712.41	5403669.40	354.22	
512712.18	5403660.90	349.06	
512712.19	5403681.40	359.52	
512712.21	5403684.10	360.14	
512712.99	5403751.90	388.05	
512713.13	5403779.40	389.75	
512713.19	5403790.80	390.03	
512713.20	5403795.80	390.27	
512713.19	5403797.70	390.31	
512713.16	5403798.30	390.25	
512712.85	5403789.20	390.02	
512712.38	5403762.80	389.34	
512712.22	5403754.20	388.68	
512711.20	5403710.80	373.16	
512710.87	5403697.40	367.03	
512709.90	5403660.60	346.58	
512709.77	5403656.60	346.72	
512709.63	5403657.80	346.67	
512709.64	5403659.90	346.63	
512710.39	5403713.80	374.66	
512710.75	5403744.40	386.97	
512711.03	5403793.20	390.10	
512711.01	5403797.80	390.20	
512710.95	5403799.00	390.29	
512710.93	5403799.20	390.54	
512710.90	5403799.20	390.63	
512710.50	5403779.90	389.62	
512709.49	5403730.30	382.03	
512709.36	5403725.10	379.47	
512709.07	5403713.50	374.89	
512708.57	5403693.40	366.04	
512708.45	5403689.10	363.45	
512708.08	5403673.80	357.20	
512708.01	5403670.90	356.11	
512707.98	5403669.50	355.96	
512707.63	5403671.00	356.12	
512707.84	5403687.00	363.01	
512708.00	5403697.90	368.87	
512708.23	5403716.40	376.03	
512708.27	5403719.00	377.50	
512708.77	5403777.00	389.46	
512708.68	5403797.50	390.35	
512708.53	5403790.40	389.87	
512708.24	5403775.20	389.36	
512707.18	5403725.20	380.03	
512706.43	5403696.10	367.23	
512705.83	5403672.40	357.08	
512705.38	5403657.30	349.60	
512705.33	5403656.70	350.03	
512705.19	5403658.10	347.80	
512705.41	5403671.00	356.41	
512705.62	5403685.70	363.19	
512705.64	5403688.40	363.72	
512706.22	5403730.60	382.87	
512706.32	5403739.40	385.46	
512706.39	5403745.70	387.52	
512706.43	5403750.60	388.65	
512706.52	5403765.70	389.03	
512706.65	5403785.80	389.71	
512706.72	5403795.00	391.17	
512706.72	5403796.30	391.29	
512706.25	5403784.70	389.72	
512706.20	5403782.40	389.65	
512705.85	5403764.00	388.98	
512705.64	5403752.90	388.64	
512705.48	5403745.30	387.63	
512705.21	5403734.10	384.13	
512704.94	5403723.90	379.86	
512704.71	5403714.90	376.17	
512704.38	5403701.60	371.39	
512703.40	5403664.10	354.51	
512703.04	5403656.30	347.49	
512702.96	5403657.30	348.24	
512703.41	5403687.00	363.72	
512704.27	5403754.40	388.72	
512704.32	5403761.90	388.93	
512704.33	5403763.20	388.90	
512704.37	5403769.50	389.16	
512704.40	5403773.20	389.35	
512704.41	5403775.70	389.40	
512704.48	5403785.80	389.63	
512704.49	5403787.10	389.67	
512704.54	5403793.10	390.60	
512704.55	5403794.20	390.81	
512704.54	5403795.90	390.27	
512704.53	5403797.60	390.53	
512704.49	5403798.60	390.42	
512704.48	5403798.70	390.39	
512704.47	5403798.90	390.40	
512704.41	5403799.20	390.48	
512704.38	5403798.70	390.38	
512704.17	5403789.20	389.73	
512703.94	5403777.50	389.41	
512703.92	5403776.40	389.43	
512703.85	5403772.60	389.32	
512703.20	5403740.30	387.45	
512702.73	5403722.50	379.68	
512702.30	5403705.60	373.79	
512702.05	5403695.10	370.82	
512701.19	5403664.10	354.81	
512701.15	5403662.80	353.93	
512700.99	5403658.20	351.24	
512701.20	5403685.70	363.64	
512701.53	5403707.20	373.93	
512701.57	5403712.40	374.05	
512701.74	5403722.80	379.89	
512701.78	5403724.20	381.52	
512701.90	5403734.30	384.26	
512701.97	5403739.30	386.30	
512702.03	5403743.10	388.19	
512702.03	5403744.30	388.16	
512702.26	5403775.70	389.32	
512702.33	5403785.70	389.54	
512702.34	5403798.60	390.24	
512701.98	5403786.90	389.63	
512701.40	5403757.70	388.76	
512701.23	5403826.40	393.48	
512701.30	5403821.30	393.90	
512702.20	5403786.90	389.64	
512702.21	5403786.70	389.62	
512702.23	5403786.30	389.62	
512702.29	5403786.00	389.55	
512702.18	5403801.20	390.41	
512702.00	5403817.50	391.66	
512701.60	5403840.80	396.06	
512701.53	5403844.70	396.93	
512703.12	5403826.00	393.43	
512704.00	5403788.50	389.69	
512704.14	5403785.80	389.64	
512704.08	5403799.70	390.38	
512704.07	5403800.90	390.47	
512704.00	5403809.50	390.57	
512703.99	5403810.80	390.69	
512703.52	5403839.20	395.65	
512704.54	5403842.30	396.44	
512704.76	5403835.90	394.50	
512705.18	5403819.00	392.24	
512705.53	5403804.50	390.52	
512705.71	5403795.30	390.20	
512705.92	5403786.80	389.72	
512705.94	5403786.50	389.73	
512705.95	5403786.30	389.72	
512706.01	5403785.40	389.78	
512706.06	5403788.90	389.76	
512705.93	5403801.70	390.56	
512706.54	5403836.80	395.70	
512706.97	5403821.20	392.91	
512707.17	5403814.60	391.39	
512707.24	5403811.90	390.95	
512707.71	5403789.00	389.88	
512707.80	5403786.30	389.76	
512707.81	5403786.10	389.79	
512707.87	5403785.10	389.76	
512707.90	5403784.90	389.75	
512707.94	5403784.90	389.80	
512707.85	5403796.50	390.26	
512707.70	5403812.50	391.04	
512707.66	5403815.10	391.38	
512707.59	5403819.00	392.18	
512707.27	5403838.40	395.53	
512707.22	5403841.00	396.08	
512707.15	5403844.80	396.91	
512709.43	5403797.00	390.01	
512709.66	5403786.20	389.80	
512709.71	5403785.30	389.81	
512709.54	5403814.60	391.43	
512709.06	5403843.00	396.45	
512709.01	5403845.60	397.02	
512709.98	5403847.40	397.44	
512710.65	5403822.90	393.16	
512710.92	5403813.70	391.29	
512710.95	5403812.30	391.16	
512711.29	5403796.60	390.17	
512711.36	5403792.70	390.13	
512711.63	5403784.10	389.75	
512711.66	5403783.90	389.68	
512710.99	5403838.80	395.55	
512710.85	5403846.50	397.17	
512711.89	5403845.70	396.95	
512712.63	5403818.50	392.13	
512712.71	5403815.90	391.69	
512713.09	5403823.00	393.13	
512713.94	5403839.00	395.50	
512715.02	5403794.50	390.27	
512715.07	5403791.80	390.10	
512715.71	5403842.60	396.15	
512715.75	5403841.20	395.86	
512716.61	5403807.50	391.27	
512716.75	5403802.10	390.47	
512716.93	5403792.90	390.14	
512717.20	5403783.20	389.97	
512717.23	5403791.00	390.06	
512717.19	5403795.80	390.28	
512717.11	5403805.50	390.46	
512716.93	5403818.40	392.05	
512717.83	5403837.00	394.05	
512717.90	5403834.40	393.51	
512718.58	5403805.70	390.53	
512718.62	5403803.20	390.73	
512718.78	5403795.30	390.30	
512718.89	5403790.00	390.06	
512719.02	5403784.40	389.99	
512719.14	5403782.80	389.85	
512719.19	5403782.80	389.85	
512719.18	5403786.30	389.99	
512719.16	5403787.30	390.14	
512719.09	5403796.70	390.28	
512718.73	5403825.90	393.21	
512718.55	5403838.70	394.76	
512719.83	5403835.40	393.21	
512720.64	5403798.90	390.49	
512720.90	5403786.50	389.94	
512721.01	5403783.20	389.90	
512721.13	5403782.90	389.84	
512720.95	5403803.80	390.74	
512721.44	5403843.00	396.67	
512721.64	5403837.80	394.68	
512721.91	5403827.40	393.10	
512722.37	5403809.10	390.76	
512722.52	5403801.20	390.60	
512722.87	5403784.90	389.83	
512722.89	5403804.80	390.68	
512722.60	5403828.00	393.05	
512722.35	5403840.90	395.97	
512722.23	5403846.00	397.67	
512723.22	5403849.10	397.81	
512724.38	5403806.20	390.75	
512724.43	5403803.60	390.75	
512724.55	5403798.30	390.40	
512724.96	5403782.10	389.90	
512725.03	5403781.80	389.85	
512725.05	5403782.40	389.81	
512724.89	5403800.80	390.59	
512724.83	5403808.30	390.81	
512724.21	5403845.70	397.49	
512725.53	5403839.80	395.37	
512726.52	5403799.30	390.65	
512726.70	5403791.40	390.08	
512727.03	5403781.50	389.87	
512727.05	5403785.20	389.94	
512727.04	5403787.30	389.85	
512726.89	5403803.00	390.71	
512726.22	5403846.70	397.82	
512726.18	5403849.30	398.07	
512727.23	5403849.80	397.98	
512727.53	5403840.80	395.44	
512727.68	5403835.60	394.53	
512728.49	5403803.00	390.76	
512728.93	5403782.90	389.92	
512728.96	5403782.30	389.99	
512729.01	5403781.60	389.87	
512729.10	5403781.40	389.93	
512729.08	5403787.10	389.99	
512729.03	5403794.10	390.13	
512730.59	5403800.00	390.62	
512730.75	5403793.40	390.01	
512730.93	5403784.30	389.98	
512730.96	5403783.20	389.96	
512731.01	5403782.00	389.93	
512731.06	5403781.40	389.92	
512731.15	5403782.00	389.99	
512731.15	5403783.60	389.95	
512730.97	5403803.70	390.83	
512730.92	5403808.80	391.06	
512730.87	5403815.20	391.10	
512730.63	5403830.60	393.44	
512730.27	5403848.70	397.90	
512731.39	5403846.60	397.17	
512731.70	5403837.60	394.42	
512731.78	5403835.00	393.92	
512732.39	5403810.20	391.11	
512732.91	5403785.70	390.06	
512733.09	5403781.00	389.90	
512733.17	5403783.30	390.02	
512732.96	5403806.00	391.05	
512732.86	5403817.50	391.20	
512732.86	5403818.70	391.11	
512732.66	5403830.50	393.30	
512734.38	5403811.30	391.28	
512734.84	5403790.30	390.18	
512734.87	5403789.00	390.16	
512734.94	5403785.50	390.06	
512735.10	5403781.10	389.85	
512735.14	5403780.70	389.87	
512735.21	5403780.70	389.89	
512735.17	5403787.50	390.12	
512735.15	5403789.80	390.16	
512735.09	5403798.20	390.21	
512734.98	5403805.80	391.09	
512734.93	5403812.10	391.28	
512734.52	5403840.60	394.97	
512735.91	5403832.00	393.42	
512737.04	5403782.80	390.27	
512737.19	5403780.50	389.93	
512737.19	5403780.40	390.01	
512737.19	5403791.00	390.09	
512737.04	5403805.70	390.93	
512736.53	5403841.80	395.25	
512736.37	5403848.30	397.42	
512737.41	5403848.80	397.63	
512737.70	5403841.00	395.11	
512738.35	5403817.70	391.38	
512738.87	5403794.00	390.06	
512738.94	5403790.10	390.15	
512739.05	5403785.30	389.94	
512739.19	5403798.00	390.12	
512739.19	5403799.30	390.09	
512739.10	5403804.40	390.92	
512739.06	5403808.20	391.11	
512738.98	5403815.90	391.47	
512738.90	5403826.20	391.64	
512739.74	5403841.00	395.07	
512740.79	5403800.50	390.11	
512741.28	5403780.70	389.51	
512741.39	5403780.00	389.27	
512741.32	5403787.40	390.03	
512741.30	5403790.80	390.09	
512741.29	5403792.00	390.11	
512741.26	5403795.60	390.09	
512741.02	5403815.90	391.54	
512742.98	5403792.70	390.16	
512743.06	5403788.70	390.06	
512743.15	5403784.30	390.08	
512743.20	5403782.90	389.78	
512743.34	5403780.70	388.90	
512743.36	5403780.50	388.93	
512743.36	5403780.40	389.07	
512743.42	5403782.10	389.42	
512743.00	5403821.00	391.69	
512742.99	5403822.40	391.71	
512742.96	5403826.20	391.63	
512743.96	5403835.80	393.61	
512745.07	5403788.80	390.10	
512745.37	5403780.70	388.58	
512745.34	5403791.00	390.05	
512745.30	5403795.80	390.17	
512745.28	5403798.10	390.20	
512745.12	5403810.90	391.28	
512744.92	5403828.80	392.27	
512744.53	5403845.70	397.09	
512746.25	5403826.80	391.79	
512747.18	5403785.40	389.69	
512747.50	5403780.90	388.44	
512747.49	5403782.20	388.68	
512747.37	5403787.60	390.20	
512747.33	5403792.40	390.25	
512747.16	5403807.20	391.22	
512746.41	5403848.50	399.03	
512746.38	5403849.80	399.44	
512747.88	5403838.80	394.45	
512748.53	5403814.10	391.44	
512749.08	5403789.10	390.25	
512749.41	5403781.20	387.97	
512749.01	5403821.60	391.87	
512748.97	5403825.50	391.92	
512749.71	5403842.90	395.91	
512749.96	5403836.40	393.56	
512750.36	5403820.90	391.87	
512750.86	5403799.90	389.99	
512751.23	5403802.60	390.29	
512750.78	5403834.80	393.73	
512751.84	5403839.30	394.37	
512751.93	5403836.70	393.58	
512752.44	5403816.00	391.55	
512752.52	5403812.10	391.45	
512753.28	5403782.90	388.12	
512753.36	5403781.80	387.49	
512753.38	5403781.50	387.41	
512753.50	5403780.80	387.00	
512753.27	5403796.70	389.55	
512752.99	5403817.10	391.61	
512752.47	5403845.50	397.01	
512753.62	5403843.50	396.05	
512754.00	5403833.10	392.53	
512754.09	5403829.20	392.29	
512754.31	5403818.90	391.90	
512754.37	5403816.30	391.76	
512754.70	5403803.20	390.24	
512754.75	5403801.80	389.75	
512755.38	5403781.70	386.30	
512755.12	5403803.30	390.27	
512755.10	5403804.50	390.45	
512754.92	5403817.50	391.78	
512755.35	5403847.70	398.47	
512756.05	5403828.20	392.24	
512756.47	5403808.80	391.27	
512757.09	5403785.70	387.92	
512757.23	5403783.30	386.39	
512757.36	5403781.60	385.74	
512756.77	5403824.20	392.17	
512756.75	5403825.60	392.27	
512756.67	5403834.50	392.46	
512758.16	5403818.40	391.98	
512758.71	5403820.90	392.02	
512758.68	5403823.40	392.17	
512758.54	5403836.30	392.91	
512758.25	5403847.90	396.69	
512759.40	5403844.70	395.26	
512760.20	5403813.50	391.30	
512760.25	5403810.90	391.30	
512760.97	5403786.30	386.30	
512760.56	5403825.20	392.29	
512760.42	5403838.10	393.07	
512760.36	5403840.70	393.76	
512761.17	5403848.90	396.12	
512761.65	5403833.50	392.51	
512761.72	5403829.60	392.49	
512761.77	5403827.00	392.41	
512762.87	5403794.00	388.62	
512762.55	5403818.00	391.34	
512762.48	5403820.60	392.15	
512762.08	5403848.90	395.79	
512764.33	5403823.80	392.21	
512764.24	5403832.70	392.68	
512765.35	5403835.90	392.72	
512765.52	5403826.90	392.43	
512766.79	5403784.00	383.88	
512767.38	5403826.20	392.31	
512768.07	5403797.30	388.50	
512768.39	5403789.30	384.90	
512768.46	5403787.60	384.24	
512768.43	5403790.00	388.18	
512768.36	5403798.30	388.55	
512767.93	5403831.50	392.67	
512768.77	5403848.90	393.70	
512768.97	5403839.90	392.84	
512769.01	5403837.30	392.89	
512769.12	5403830.90	392.72	
512769.18	5403828.30	392.46	
512770.34	5403786.80	383.87	
512770.42	5403785.30	383.96	
512770.47	5403785.10	383.84	
512769.80	5403828.40	392.46	
512770.93	5403834.20	392.79	
512770.95	5403832.90	392.70	
512771.32	5403817.30	390.40	
512772.25	5403786.20	383.80	
512772.04	5403795.20	388.39	
512771.61	5403833.20	392.84	
512772.95	5403826.10	392.13	
512773.29	5403812.90	389.34	
512774.10	5403790.90	384.13	
512773.89	5403796.00	387.87	
512773.76	5403808.20	389.26	
512773.74	5403810.80	389.39	
512773.74	5403813.20	389.24	
512774.49	5403842.40	393.20	
512775.12	5403815.10	388.79	
512775.84	5403794.30	385.42	
512775.63	5403804.20	388.66	
512775.58	5403812.90	388.83	
512775.30	5403831.20	392.76	
512775.28	5403833.70	393.01	
512775.19	5403849.10	393.31	
512776.28	5403845.90	393.32	
512776.32	5403843.30	393.26	
512776.47	5403834.40	392.87	
512777.50	5403793.70	384.19	
512778.26	5403837.80	393.01	
512779.36	5403792.00	383.86	
512779.38	5403791.30	383.80	
512779.25	5403809.70	388.44	
512780.03	5403842.60	393.13	
512780.07	5403840.00	392.95	
512780.91	5403829.80	390.17	
512782.14	5403831.70	390.09	
512782.51	5403810.80	387.94	
512782.94	5403793.80	383.75	
512783.02	5403791.90	383.64	
512783.03	5403791.70	383.71	
512783.10	5403791.80	383.66	
512782.89	5403804.20	387.79	
512782.88	5403809.00	387.78	
512782.88	5403810.10	387.83	
512782.57	5403838.50	393.11	
512782.55	5403843.70	393.16	
512784.43	5403806.20	386.59	
512784.74	5403793.80	383.75	
512784.80	5403793.00	383.63	
512784.74	5403802.50	386.53	
512784.74	5403807.20	386.58	
512784.37	5403844.60	393.21	
512785.46	5403846.30	393.35	
512785.60	5403836.10	393.01	
512786.24	5403805.80	386.55	
512786.54	5403804.50	386.34	
512786.47	5403811.90	387.80	
512788.08	5403803.80	386.23	
512788.34	5403805.20	386.34	
512788.30	5403807.70	387.25	
512788.06	5403835.80	392.42	
512790.28	5403802.00	383.90	
512789.95	5403847.80	391.76	
512791.99	5403798.80	382.47	
512792.07	5403796.70	381.64	
512792.22	5403797.90	382.01	
512791.98	5403811.20	387.67	
512793.48	5403817.30	387.55	
512793.51	5403814.60	387.50	
512793.48	5403813.50	388.21	
512793.81	5403804.90	382.76	
512794.13	5403798.30	381.52	
512793.89	5403817.80	387.59	
512793.90	5403831.90	388.27	
512795.32	5403829.40	387.16	
512795.42	5403816.40	387.29	
512796.00	5403795.70	380.33	
512796.03	5403804.40	382.04	
512795.79	5403817.20	388.07	
512797.67	5403807.00	381.70	
512797.69	5403804.40	381.64	
512797.95	5403804.80	381.73	
512797.95	5403807.20	381.81	
512799.58	5403807.50	381.20	
512799.78	5403797.00	379.72	
512799.77	5403832.00	385.53	
512801.75	5403808.30	381.24	
512801.79	5403832.30	382.81	
512803.15	5403831.10	382.76	
512803.51	5403799.00	379.25	
512803.64	5403812.50	381.42	
512804.90	5403831.80	385.52	
512805.33	5403800.30	379.74	
512807.17	5403805.40	378.97	
512807.34	5403818.50	382.42	
512807.29	5403832.80	385.53	
512807.31	5403834.00	385.40	
512807.42	5403849.50	385.13	
512808.89	5403813.90	381.34	
512809.19	5403799.50	376.95	
512809.29	5403830.30	382.29	
512809.30	5403831.60	382.27	
512809.20	5403838.30	385.48	
512810.76	5403815.50	381.43	
512810.88	5403811.40	379.08	
512811.19	5403830.70	382.26	
512811.21	5403833.20	382.19	
512811.17	5403846.30	385.28	
512812.58	5403833.00	382.22	
512812.68	5403822.50	380.79	
512812.93	5403800.90	377.06	
512812.94	5403800.50	377.09	
512813.14	5403803.30	376.60	
512813.12	5403832.20	382.13	
512813.10	5403842.80	384.52	
512814.51	5403836.00	382.18	
512814.64	5403817.40	380.31	
512815.13	5403800.60	374.40	
512815.02	5403817.10	380.04	
512815.07	5403824.60	380.32	
512815.07	5403833.80	382.07	
512815.10	5403837.70	382.21	
512815.04	5403845.70	384.90	
512815.07	5403848.20	384.86	
512816.45	5403836.10	382.41	
512816.64	5403816.20	379.00	
512816.73	5403811.90	377.31	
512816.89	5403803.30	374.21	
512817.00	5403816.00	379.05	
512817.03	5403818.50	378.94	
512817.08	5403840.60	382.09	
512817.01	5403845.90	384.81	
512818.27	5403849.60	384.81	
512818.50	5403829.80	380.69	
512818.61	5403819.00	378.54	
512818.73	5403810.80	376.24	
512818.74	5403806.80	376.13	
512818.90	5403803.50	372.69	
512818.88	5403800.80	374.20	
512819.12	5403803.70	372.63	
512819.02	5403807.60	375.78	
512818.98	5403814.90	378.12	
512819.07	5403821.20	377.57	
512819.08	5403822.40	377.62	
512819.05	5403829.00	379.50	
512819.07	5403843.40	382.06	
512819.11	5403850.00	382.69	
512820.39	5403844.60	381.90	
512820.99	5403799.80	372.30	
512821.09	5403824.00	376.88	
512822.82	5403805.90	372.79	
512822.93	5403801.50	371.06	
512823.06	5403799.80	370.49	
512823.12	5403800.70	370.26	
512823.10	5403820.30	375.38	
512824.50	5403837.10	378.56	
512824.82	5403809.80	371.83	
512825.02	5403800.40	369.28	
512825.04	5403800.20	369.17	
512825.11	5403800.30	369.09	
512825.03	5403802.50	371.54	
512825.11	5403806.70	370.89	
512827.14	5403847.10	377.52	
512827.16	5403848.40	377.34	
512828.39	5403848.20	377.28	
512828.90	5403800.60	368.90	
512828.94	5403800.70	368.81	
512829.00	5403834.20	375.65	
512830.33	5403847.10	376.70	
512830.34	5403844.40	376.45	
512830.38	5403840.50	375.77	
512830.96	5403802.90	367.18	
512830.86	5403815.10	372.45	
512831.00	5403845.00	376.09	
512832.94	5403826.50	371.28	
512834.33	5403837.90	373.16	
