497671.80	5421230.90	309.75	
497671.65	5421236.60	308.97	
497671.50	5421242.50	308.23	
497671.20	5421254.20	306.93	
497670.67	5421274.90	304.76	
497670.86	5421230.30	309.73	
497670.91	5421227.50	309.90	
497671.59	5421194.40	314.01	
497669.85	5421162.60	315.14	
497669.45	5421178.90	314.44	
497669.00	5421198.20	314.08	
497668.88	5421203.50	314.01	
497667.59	5421252.80	306.93	
497666.05	5421287.50	303.49	
497666.21	5421279.20	304.19	
497666.49	5421265.20	305.59	
497667.91	5421195.60	313.85	
497668.94	5421144.10	318.94	
497669.04	5421138.80	319.23	
497669.24	5421128.20	319.97	
497669.35	5421122.90	320.51	
497669.92	5421093.80	323.15	
497670.02	5421088.60	323.47	
497670.46	5421065.00	324.43	
497668.14	5421086.50	323.63	
497667.69	5421104.90	322.37	
497666.68	5421144.90	318.73	
497665.96	5421172.20	314.50	
497664.12	5421245.50	307.49	
497662.59	5421277.90	304.22	
497662.71	5421272.10	304.80	
497664.19	5421199.70	313.66	
497664.56	5421180.60	315.35	
497665.21	5421148.10	318.44	
497665.31	5421142.80	318.84	
497665.51	5421132.20	319.45	
497666.29	5421092.50	323.23	
497666.63	5421074.20	324.07	
497666.87	5421061.10	324.46	
497664.82	5421072.20	324.11	
497664.19	5421098.40	322.83	
497663.18	5421138.40	319.11	
497662.92	5421149.00	318.24	
497662.65	5421157.50	314.83	
497662.39	5421168.30	314.68	
497660.04	5421261.90	305.56	
497659.82	5421270.70	304.71	
497658.91	5421279.20	303.88	
497659.07	5421271.00	304.75	
497660.73	5421190.10	314.65	
497660.99	5421176.50	315.51	
497661.06	5421171.30	314.72	
497662.04	5421122.90	320.15	
497663.05	5421070.20	324.10	
497661.15	5421073.70	323.87	
497661.09	5421076.20	323.82	
497661.03	5421078.90	323.69	
497659.97	5421121.20	320.18	
497659.83	5421126.50	319.72	
497659.20	5421150.70	316.16	
497658.91	5421161.70	314.78	
497658.62	5421175.20	315.54	
497658.41	5421183.30	314.96	
497658.28	5421188.80	314.68	
497658.15	5421194.30	314.41	
497657.80	5421208.20	313.12	
497657.59	5421216.80	312.61	
497657.10	5421234.30	308.59	
497656.13	5421272.50	304.45	
497656.48	5421219.20	311.14	
497657.15	5421186.20	314.67	
497657.25	5421180.80	315.00	
497657.68	5421156.60	314.93	
497657.87	5421148.40	316.83	
497658.31	5421127.00	319.60	
497659.19	5421082.10	323.61	
497655.88	5421138.80	318.68	
497655.16	5421166.10	314.96	
497653.96	5421215.60	312.64	
497652.56	5421268.50	304.69	
497652.34	5421277.40	303.75	
497651.46	5421285.20	303.10	
497652.08	5421254.50	306.02	
497652.31	5421243.40	307.33	
497653.58	5421182.30	314.86	
497654.64	5421128.50	319.33	
497655.58	5421081.00	323.56	
497654.25	5421058.60	324.15	
497653.87	5421074.20	323.74	
497652.73	5421119.20	320.25	
497649.74	5421235.20	308.19	
497649.07	5421261.40	305.25	
497647.73	5421286.80	302.85	
497647.89	5421278.70	303.53	
497648.18	5421264.70	304.99	
497649.76	5421189.40	314.29	
497651.32	5421111.60	321.11	
497651.74	5421090.50	322.92	
497651.94	5421080.00	323.33	
497652.14	5421069.50	323.81	
497650.61	5421057.60	324.03	
497649.97	5421083.80	323.24	
497649.84	5421089.00	322.90	
497648.60	5421136.90	318.35	
497648.27	5421147.80	315.18	
497647.70	5421172.00	315.44	
497647.20	5421191.30	313.78	
497646.14	5421231.10	308.34	
497645.91	5421239.90	307.39	
497645.68	5421248.70	306.36	
497644.69	5421287.30	302.91	
497644.04	5421285.80	302.90	
497646.26	5421180.10	314.84	
497646.53	5421166.60	315.76	
497646.82	5421150.60	315.30	
497648.43	5421073.60	323.54	
497648.68	5421060.50	323.95	
497646.89	5421061.70	323.86	
497645.04	5421133.10	318.53	
497644.85	5421138.70	315.72	
497644.06	5421171.00	315.41	
497643.63	5421187.50	314.08	
497643.00	5421212.50	312.63	
497642.56	5421227.20	308.74	
497642.40	5421233.00	308.06	
497642.25	5421238.90	307.36	
497642.02	5421247.50	306.45	
497641.46	5421231.70	308.21	
497642.21	5421198.20	313.47	
497642.77	5421170.90	315.33	
497644.06	5421109.50	320.89	
497644.28	5421098.80	322.02	
497643.22	5421063.30	323.65	
497642.48	5421092.10	322.41	
497642.27	5421100.10	321.81	
497642.06	5421108.00	320.91	
497641.48	5421129.40	318.63	
497641.21	5421137.60	315.41	
497640.55	5421164.60	315.56	
497639.33	5421211.40	312.49	
497639.04	5421220.50	309.22	
497636.64	5421283.70	302.87	
497637.72	5421233.20	307.81	
497638.03	5421219.30	309.32	
497638.27	5421210.50	312.58	
497638.44	5421202.20	313.22	
497639.11	5421169.80	315.10	
497639.48	5421151.00	315.54	
497640.55	5421102.80	321.48	
497639.60	5421062.30	323.53	
497639.47	5421067.60	323.45	
497639.26	5421075.40	323.13	
497638.57	5421101.60	321.53	
497638.28	5421112.30	320.72	
497638.21	5421115.00	320.36	
497638.12	5421117.60	319.36	
497637.91	5421125.60	318.95	
497637.82	5421128.40	317.86	
497636.46	5421179.80	314.65	
497636.25	5421187.90	314.68	
497635.56	5421213.20	311.92	
497634.39	5421254.10	305.28	
497634.15	5421262.90	304.49	
497632.65	5421291.40	299.22	
497634.43	5421214.90	310.92	
497634.83	5421198.20	313.94	
497635.56	5421163.10	315.46	
497636.73	5421109.70	320.84	
497637.57	5421070.20	323.21	
497635.73	5421071.50	323.14	
497634.42	5421119.20	319.12	
497631.42	5421226.60	308.19	
497630.36	5421264.70	304.17	
497630.12	5421273.60	303.25	
497630.88	5421208.10	312.06	
497631.09	5421199.60	313.64	
497632.92	5421116.30	319.18	
497633.46	5421092.60	321.98	
497633.64	5421084.60	322.51	
497633.81	5421076.80	322.88	
497633.97	5421069.00	323.15	
497634.08	5421063.80	323.30	
497632.27	5421065.20	323.17	
497631.71	5421086.10	322.36	
497631.26	5421102.10	321.11	
497631.04	5421109.80	320.75	
497630.44	5421128.90	315.82	
497629.57	5421161.10	315.12	
497629.16	5421177.20	315.53	
497629.09	5421180.00	315.55	
497628.20	5421210.70	311.97	
497625.18	5421289.00	299.31	
497625.44	5421279.90	302.62	
497626.90	5421218.10	309.54	
497627.91	5421176.50	315.73	
497627.97	5421173.90	315.71	
497628.23	5421160.70	315.11	
497630.25	5421073.00	322.82	
497630.42	5421065.00	323.12	
497628.61	5421066.60	323.02	
497626.74	5421130.30	315.97	
497626.14	5421151.80	314.80	
497624.61	5421206.60	312.59	
497624.24	5421218.20	309.67	
497623.70	5421235.70	306.78	
497622.11	5421261.80	304.04	
497622.24	5421256.10	304.59	
497622.58	5421242.00	305.99	
497623.38	5421210.90	311.72	
497624.63	5421156.70	314.75	
497624.69	5421154.00	314.63	
497625.12	5421135.30	316.08	
497625.18	5421132.60	316.00	
497625.99	5421100.50	321.22	
497626.48	5421079.50	322.42	
497626.54	5421076.80	322.49	
497626.83	5421063.70	323.02	
497626.89	5421061.10	323.07	
497623.63	5421113.00	319.17	
497621.55	5421185.60	315.79	
497619.22	5421260.90	303.88	
497618.25	5421266.20	303.48	
497618.60	5421252.10	304.85	
497619.30	5421224.00	307.98	
497621.05	5421152.80	314.36	
497622.78	5421083.50	322.16	
497623.03	5421073.00	322.62	
497623.39	5421057.20	323.00	
497621.70	5421056.50	322.93	
497621.62	5421059.10	322.88	
497620.70	5421090.60	321.57	
497620.63	5421093.20	321.49	
497620.21	5421106.40	319.48	
497619.82	5421117.30	316.14	
497619.45	5421130.60	316.27	
497619.30	5421135.90	316.35	
497619.20	5421138.70	315.22	
497618.54	5421160.40	313.37	
497617.93	5421182.00	313.75	
497616.83	5421218.50	310.34	
497616.15	5421239.00	305.99	
497615.88	5421247.90	305.07	
497615.26	5421236.70	306.20	
497615.34	5421233.80	306.61	
497615.85	5421216.50	311.50	
497617.05	5421165.10	312.17	
497617.47	5421148.80	313.95	
497617.73	5421138.20	314.53	
497618.42	5421111.30	317.36	
497619.64	5421063.80	322.82	
497615.30	5421145.70	313.46	
497614.86	5421159.40	311.51	
497614.18	5421183.80	312.83	
497613.73	5421199.90	313.98	
497613.44	5421208.50	312.25	
497612.28	5421243.70	305.32	
497611.91	5421255.50	304.14	
497610.56	5421274.70	302.36	
497611.07	5421255.00	304.12	
497612.33	5421209.70	311.98	
497612.49	5421204.10	313.30	
497612.57	5421201.30	313.68	
497614.18	5421134.20	313.94	
497614.49	5421123.50	316.41	
497614.62	5421118.10	316.40	
497615.37	5421091.50	321.38	
497615.43	5421088.90	321.58	
497615.90	5421070.40	322.41	
497614.54	5421056.90	322.70	
497613.74	5421083.10	321.68	
497612.83	5421109.70	316.53	
497612.26	5421128.40	315.71	
497611.62	5421147.40	312.35	
497611.05	5421164.00	308.81	
497610.66	5421177.70	309.76	
497609.84	5421207.30	312.67	
497608.26	5421254.20	304.06	
497607.98	5421263.00	303.17	
497606.89	5421273.50	302.23	
497607.64	5421245.60	304.98	
497609.11	5421194.50	314.84	
497609.33	5421181.80	310.59	
497609.82	5421160.40	308.54	
497610.77	5421127.50	315.25	
497611.00	5421119.50	316.63	
497610.86	5421061.00	322.48	
497608.96	5421119.20	316.59	
497608.37	5421135.50	312.22	
497608.30	5421138.20	312.46	
497607.71	5421154.80	308.39	
497606.24	5421206.00	312.73	
497604.53	5421256.10	303.79	
497603.86	5421276.80	301.86	
497603.55	5421261.00	303.20	
497603.86	5421249.80	304.41	
497604.40	5421230.10	306.50	
497605.99	5421167.50	306.68	
497607.19	5421126.50	314.02	
497607.29	5421123.80	315.31	
497607.39	5421121.00	316.65	
497607.97	5421099.70	318.65	
497608.43	5421083.80	321.59	
497608.85	5421068.10	322.22	
497609.05	5421060.30	322.37	
497605.73	5421107.40	316.62	
497605.07	5421126.30	313.14	
497604.87	5421131.70	311.74	
497603.63	5421167.60	305.94	
497603.27	5421180.90	308.77	
497602.51	5421207.80	312.40	
497602.12	5421219.20	310.53	
497601.84	5421225.60	306.79	
497601.65	5421231.30	306.21	
497601.35	5421240.20	305.25	
497601.26	5421243.00	304.96	
497601.16	5421245.90	304.67	
497599.72	5421288.30	298.46	
497599.95	5421257.00	303.51	
497600.19	5421248.60	304.41	
497602.07	5421179.50	308.27	
497602.29	5421169.00	306.00	
497605.29	5421067.00	322.16	
497602.77	5421090.30	319.95	
497602.36	5421100.90	316.72	
497601.84	5421116.90	316.34	
497600.78	5421144.40	307.48	
497600.70	5421147.20	307.73	
497600.25	5421158.50	303.24	
497599.29	5421195.30	313.44	
497599.22	5421198.00	314.08	
497599.02	5421203.70	313.13	
497597.05	5421259.40	303.10	
497597.63	5421213.10	311.21	
497598.65	5421170.40	305.70	
497598.76	5421165.30	304.47	
497600.22	5421118.60	314.81	
497600.62	5421105.20	316.90	
497601.19	5421086.60	320.40	
497599.78	5421073.40	321.67	
497599.52	5421081.20	321.40	
497599.33	5421086.40	320.25	
497599.11	5421091.80	318.29	
497598.74	5421102.40	316.86	
497597.35	5421140.30	309.12	
497592.90	5421273.10	301.60	
497592.52	5421282.80	298.37	
497591.55	5421291.50	297.87	
497592.43	5421262.90	302.53	
497593.67	5421222.90	309.59	
497593.83	5421217.40	310.08	
497594.20	5421206.00	312.65	
497594.28	5421203.20	313.15	
497595.03	5421169.40	305.01	
497596.74	5421114.70	315.23	
497596.44	5421067.00	321.67	
497595.99	5421080.10	320.83	
497593.99	5421133.70	309.88	
497592.63	5421172.30	305.40	
497592.19	5421188.20	309.07	
497592.12	5421190.80	310.07	
497590.32	5421242.30	304.71	
497589.91	5421254.00	303.39	
497593.47	5421105.20	316.98	
497593.61	5421100.00	317.04	
497594.11	5421084.20	319.93	
497594.66	5421065.70	321.64	
497591.95	5421092.20	317.16	
497590.90	5421119.20	309.83	
497590.31	5421135.50	307.61	
497588.59	5421187.30	307.98	
497584.23	5421291.80	297.50	
497584.97	5421268.80	301.74	
497585.40	5421254.80	303.24	
497586.51	5421220.40	309.69	
497588.10	5421159.00	302.59	
497588.25	5421153.50	302.24	
497588.93	5421134.10	308.81	
497590.77	5421077.80	320.38	
497590.94	5421072.40	321.34	
497589.16	5421072.60	321.13	
497588.27	5421096.40	317.17	
497587.21	5421123.50	309.96	
497586.70	5421137.20	307.41	
497585.28	5421178.20	305.67	
497584.90	5421191.50	308.95	
497584.77	5421196.80	311.35	
497584.41	5421207.60	311.65	
497584.20	5421213.30	310.72	
497581.06	5421278.90	300.91	
497582.53	5421230.90	305.85	
497582.67	5421227.80	308.10	
497582.86	5421222.00	309.42	
497584.07	5421176.50	305.16	
497587.14	5421079.30	319.39	
497586.06	5421058.50	321.35	
497585.18	5421082.20	317.52	
497584.81	5421092.70	317.27	
497583.90	5421114.30	308.95	
497580.09	5421226.40	308.86	
497579.16	5421250.40	303.41	
497578.64	5421265.20	302.01	
497577.60	5421293.00	297.22	
497577.63	5421272.00	301.47	
497579.73	5421206.70	311.71	
497581.22	5421148.30	302.69	
497581.38	5421142.90	302.76	
497582.49	5421110.00	310.97	
497582.71	5421104.60	313.83	
497582.16	5421067.80	320.77	
497579.57	5421132.50	302.83	
497579.20	5421143.50	302.83	
497577.86	5421184.30	305.67	
497577.70	5421189.50	306.92	
497577.63	5421192.10	307.92	
497576.62	5421222.50	309.11	
497575.80	5421243.40	304.06	
497575.27	5421258.00	302.56	
497574.01	5421291.80	297.22	
497574.21	5421265.20	301.99	
497574.38	5421259.50	302.43	
497576.14	5421205.50	311.67	
497576.23	5421202.80	312.02	
497576.39	5421195.20	309.09	
497576.49	5421190.00	306.88	
497577.73	5421144.40	302.79	
497577.89	5421139.00	302.70	
497578.35	5421125.30	306.05	
497579.13	5421103.40	312.76	
497579.69	5421087.50	317.58	
497578.96	5421056.30	321.01	
497578.58	5421067.00	320.69	
497577.80	5421088.00	317.54	
497575.62	5421142.50	302.73	
497575.53	5421145.20	302.74	
497574.35	5421180.70	304.72	
497572.01	5421248.10	303.47	
497571.48	5421262.80	302.06	
497571.04	5421275.00	300.53	
497570.33	5421293.70	296.91	
497570.14	5421278.90	298.24	
497572.04	5421221.30	308.82	
497572.91	5421189.20	305.96	
497573.45	5421167.90	302.06	
497575.25	5421110.60	308.16	
497574.48	5421081.70	317.75	
497574.19	5421089.80	317.02	
497573.44	5421105.90	307.76	
497572.92	5421119.60	305.13	
497572.78	5421122.40	302.87	
497571.94	5421146.90	302.72	
497571.44	5421160.70	301.54	
497571.17	5421168.90	302.11	
497571.06	5421171.80	301.74	
497570.99	5421174.40	302.58	
497570.76	5421182.30	304.63	
497570.38	5421195.60	308.31	
497567.17	5421263.00	301.87	
497567.34	5421257.40	302.43	
497567.60	5421248.90	303.17	
497569.31	5421193.30	307.11	
497569.36	5421190.80	306.16	
497569.75	5421175.00	302.64	
497569.89	5421169.60	302.22	
497570.78	5421139.60	302.66	
497571.09	5421128.70	302.63	
497571.25	5421123.50	302.88	
497571.82	5421107.00	307.60	
497572.57	5421088.00	317.05	
497572.81	5421080.10	317.79	
497571.80	5421059.80	320.77	
497569.24	5421124.20	302.75	
497567.84	5421165.10	302.35	
497567.75	5421167.90	302.43	
497567.23	5421184.20	304.52	
497567.07	5421189.70	305.50	
497566.11	5421219.60	308.43	
497566.01	5421222.40	308.53	
497565.79	5421228.20	307.22	
497565.55	5421234.30	305.43	
497565.42	5421237.40	303.86	
497564.15	5421272.90	300.68	
497563.55	5421288.60	297.10	
497562.65	5421296.30	296.49	
497562.73	5421293.70	296.68	
497563.16	5421279.60	297.87	
497563.93	5421256.30	302.38	
497564.36	5421242.40	303.54	
497565.60	5421205.00	311.56	
497565.91	5421189.80	305.50	
497567.02	5421149.40	302.73	
497567.50	5421133.00	302.73	
497567.80	5421122.30	302.75	
497569.09	5421087.00	316.09	
497569.50	5421073.70	317.86	
497569.84	5421063.20	319.40	
497566.43	5421106.80	307.06	
497564.38	5421164.30	301.70	
497563.41	5421196.50	307.77	
497562.35	5421227.40	306.75	
497562.26	5421230.20	306.92	
497562.17	5421204.00	311.52	
497562.35	5421194.10	306.54	
497562.66	5421180.90	303.23	
497562.72	5421178.20	302.30	
497563.81	5421140.10	302.62	
497564.04	5421132.00	302.64	
497564.12	5421129.30	302.67	
497564.72	5421110.30	305.65	
497565.50	5421088.70	313.98	
497566.33	5421062.20	318.04	
497564.45	5421068.20	318.07	
497562.97	5421105.90	306.73	
497561.16	5421157.70	302.75	
497560.35	5421182.40	303.30	
497556.67	5421289.50	296.76	
497555.87	5421294.30	296.40	
497556.38	5421277.40	297.75	
497556.62	5421271.10	300.74	
497556.96	5421259.80	301.73	
497558.21	5421219.80	307.99	
497558.58	5421208.50	310.68	
497558.82	5421198.20	308.20	
497558.92	5421193.00	305.84	
497559.16	5421182.50	303.12	
497562.03	5421087.50	313.27	
497562.33	5421079.60	317.39	
497562.42	5421076.90	317.99	
497560.97	5421067.30	318.16	
497560.79	5421072.70	318.11	
497559.51	5421104.80	307.02	
497559.41	5421107.50	306.39	
497556.89	5421181.50	302.30	
497556.67	5421189.40	304.68	
497554.97	5421240.20	303.19	
497553.48	5421282.50	297.31	
497553.08	5421273.20	298.81	
497553.19	5421270.10	300.43	
497553.62	5421255.90	301.88	
497554.26	5421235.60	305.75	
497554.79	5421218.60	308.42	
497555.06	5421210.20	310.28	
497555.85	5421176.00	302.37	
497556.31	5421159.50	302.69	
497557.07	5421132.40	302.72	
497557.63	5421113.30	304.61	
497557.33	5421071.50	318.21	
497557.14	5421076.70	317.40	
497555.35	5421122.90	302.76	
497553.37	5421183.20	301.97	
497553.04	5421196.20	306.86	
497552.46	5421215.20	308.98	
497552.06	5421226.70	307.66	
497551.92	5421230.00	305.73	
497551.18	5421250.70	302.23	
497549.16	5421289.20	296.56	
497550.30	5421251.80	302.09	
497551.02	5421228.80	306.54	
497551.93	5421195.90	306.91	
497553.18	5421147.50	302.61	
497553.85	5421123.10	302.76	
497555.84	5421061.30	318.32	
497552.64	5421100.00	303.92	
497552.42	5421108.00	305.91	
497550.41	5421168.20	302.65	
497550.31	5421170.90	302.03	
497549.66	5421192.70	304.94	
497549.26	5421208.30	310.81	
497546.71	5421279.90	297.34	
497546.98	5421247.60	302.26	
497548.64	5421187.10	302.41	
497549.00	5421173.50	301.97	
497549.16	5421168.10	302.60	
497549.53	5421154.50	302.70	
497550.50	5421119.20	303.11	
497551.52	5421086.60	309.92	
497551.62	5421083.90	311.47	
497550.55	5421066.50	318.84	
497550.15	5421077.10	315.91	
497550.03	5421079.80	314.12	
497549.45	5421093.30	306.26	
497548.96	5421106.80	303.50	
497548.16	5421131.30	302.70	
497547.81	5421142.20	302.63	
497547.54	5421150.40	302.67	
497546.83	5421172.40	302.25	
497544.73	5421239.20	304.69	
497543.44	5421275.50	297.59	
497543.34	5421278.50	297.34	
497542.14	5421295.00	295.91	
497543.01	5421266.20	300.39	
497543.26	5421257.80	301.25	
497543.95	5421234.70	305.07	
497544.31	5421223.30	307.38	
497545.02	5421196.10	306.46	
497545.67	5421169.50	302.71	
497545.89	5421161.30	302.76	
497545.97	5421158.50	302.76	
497546.19	5421150.40	302.75	
497544.89	5421124.70	302.86	
497544.80	5421127.50	302.80	
497543.93	5421154.80	302.69	
497542.36	5421208.50	311.00	
497540.16	5421245.10	302.08	
497540.66	5421230.30	307.32	
497540.74	5421227.40	307.44	
497540.80	5421224.90	307.29	
497540.97	5421219.20	307.90	
497543.67	5421116.50	304.78	
497543.73	5421061.70	319.11	
497541.91	5421109.90	303.53	
497538.94	5421207.30	311.15	
497537.55	5421246.00	302.14	
497535.91	5421294.20	295.85	
497536.56	5421249.50	301.63	
497536.76	5421243.50	303.25	
497537.29	5421226.20	307.14	
497538.27	5421186.00	302.10	
497538.65	5421172.30	302.73	
497541.34	5421080.10	315.25	
497538.95	5421095.10	307.28	
497537.66	5421133.20	302.79	
497535.08	5421217.80	308.61	
497534.97	5421220.60	307.92	
497534.14	5421244.40	303.34	
497533.42	5421265.30	299.91	
497533.07	5421274.80	297.46	
497532.35	5421274.20	297.60	
497533.04	5421251.10	301.38	
497534.30	5421210.60	311.05	
497535.05	5421176.50	302.68	
497536.14	5421135.70	302.79	
497536.21	5421133.00	302.84	
497536.59	5421119.50	304.14	
497536.88	5421108.60	303.96	
497537.50	5421089.60	310.55	
497538.29	5421065.70	318.97	
497538.50	5421057.80	319.24	
497533.66	5421148.50	302.68	
497533.22	5421162.20	302.73	
497530.57	5421246.10	302.94	
497530.44	5421249.40	301.46	
497528.31	5421292.80	295.85	
497528.87	5421273.00	297.75	
497529.31	5421258.30	300.66	
497531.63	5421172.50	302.76	
497532.57	5421137.20	302.82	
497533.02	5421121.00	303.89	
497534.31	5421080.50	316.03	
497533.17	5421061.00	318.96	
497532.64	5421076.80	318.04	
497531.99	5421092.80	309.91	
497531.28	5421111.90	303.90	
497528.90	5421186.00	301.76	
497528.73	5421191.50	302.03	
497527.17	5421242.00	303.52	
497526.34	5421239.40	305.15	
497526.67	5421228.10	306.93	
497527.87	5421179.60	302.67	
497528.95	5421138.80	302.76	
497529.03	5421136.00	302.79	
497530.12	5421097.90	307.82	
497530.21	5421095.30	309.08	
497530.31	5421092.50	310.50	
497528.89	5421081.10	316.83	
497528.67	5421086.30	314.00	
497528.12	5421099.90	307.23	
497527.70	5421110.90	303.22	
497527.54	5421116.20	303.45	
497526.76	5421140.70	302.83	
497526.07	5421162.60	302.70	
497525.89	5421168.20	302.66	
497524.92	5421200.80	306.22	
497521.87	5421292.30	295.74	
497524.17	5421183.80	302.61	
497524.67	5421164.80	302.66	
497524.81	5421159.30	302.67	
497525.31	5421140.30	302.78	
497525.96	5421115.80	303.52	
497526.02	5421058.90	318.77	
497525.86	5421064.30	319.04	
497524.90	5421090.80	312.38	
497524.80	5421093.50	310.98	
497523.98	5421115.30	303.68	
497523.11	5421142.60	302.73	
497522.68	5421156.30	302.71	
497522.34	5421167.10	302.64	
497519.66	5421251.80	301.24	
497518.33	5421291.40	295.61	
497517.62	5421292.30	295.58	
497518.45	5421263.40	299.64	
497518.54	5421260.50	300.04	
497519.79	5421219.60	310.41	
497521.32	5421155.60	302.67	
497521.76	5421139.20	302.78	
497523.40	5421085.10	315.88	
497521.16	5421095.50	310.69	
497520.84	5421103.60	306.96	
497519.75	5421136.30	302.71	
497519.32	5421150.10	302.69	
497518.89	5421163.60	302.70	
497518.46	5421177.50	302.72	
497518.20	5421185.80	302.58	
497518.10	5421188.80	302.10	
497517.67	5421204.80	306.23	
497515.75	5421263.00	299.55	
497514.29	5421285.70	296.09	
497514.68	5421271.50	297.33	
497515.39	5421248.00	302.89	
497516.61	5421201.10	302.76	
497516.73	5421195.90	302.01	
497517.60	5421163.00	302.69	
497518.45	5421130.40	303.03	
497519.06	5421108.50	304.92	
497519.98	5421081.60	317.75	
497517.36	5421102.80	307.92	
497515.15	5421171.10	302.66	
497514.80	5421182.20	302.70	
497514.63	5421187.70	302.51	
497512.85	5421246.40	304.79	
497512.70	5421249.90	302.47	
497512.17	5421265.10	299.21	
497511.26	5421292.60	295.43	
497510.64	5421290.50	295.52	
497511.62	5421256.00	300.16	
497513.22	5421194.90	301.52	
497514.31	5421153.80	302.69	
497514.66	5421140.30	302.67	
497516.60	5421075.40	318.07	
497516.74	5421070.10	318.23	
497516.81	5421067.40	318.30	
497517.02	5421059.50	318.45	
497511.38	5421178.50	302.71	
497510.76	5421198.10	301.97	
497510.48	5421206.60	301.27	
497510.38	5421213.70	308.46	
497510.17	5421221.60	310.70	
497509.83	5421230.70	307.04	
497509.72	5421233.80	306.10	
497508.54	5421267.40	297.89	
497508.15	5421279.50	296.40	
497507.85	5421288.80	295.59	
497506.88	5421298.10	294.90	
497508.10	5421254.90	300.62	
497509.41	5421205.00	301.35	
497509.94	5421185.50	302.71	
497510.02	5421182.70	303.18	
497511.28	5421133.80	302.86	
497511.40	5421128.50	302.38	
497511.63	5421120.30	303.31	
497511.97	5421109.20	306.47	
497512.15	5421103.80	308.91	
497513.00	5421077.00	317.97	
497511.21	5421076.80	317.85	
497510.13	5421106.40	308.25	
497509.01	5421139.10	302.55	
497508.92	5421142.00	302.75	
497507.46	5421188.80	302.62	
497506.72	5421215.60	308.16	
497504.35	5421259.50	299.47	
497504.45	5421256.50	300.77	
497505.00	5421238.80	305.79	
497505.58	5421218.70	309.38	
497506.20	5421189.90	302.56	
497507.40	5421143.50	302.67	
497509.34	5421078.60	317.69	
497509.62	5421068.00	318.16	
497509.82	5421060.00	318.31	
497507.45	5421080.90	317.61	
497507.28	5421086.40	317.32	
497506.46	5421107.80	308.54	
497505.85	5421124.30	303.44	
497505.24	5421143.50	302.67	
497504.31	5421173.70	302.71	
497503.50	5421198.80	301.28	
497501.91	5421251.80	304.53	
497501.51	5421261.80	299.15	
497500.60	5421263.90	299.12	
497501.04	5421251.30	305.07	
497501.86	5421222.80	310.14	
497502.17	5421205.10	301.80	
497503.04	5421172.10	302.69	
497503.40	5421158.50	302.65	
497503.61	5421150.30	302.71	
497504.86	5421106.70	309.51	
497505.90	5421071.90	318.02	
497504.53	5421058.60	318.19	
497503.76	5421082.50	317.13	
497502.17	5421125.90	303.50	
497502.08	5421128.60	303.29	
497498.31	5421250.30	305.05	
497497.92	5421260.20	300.37	
497497.28	5421278.70	296.18	
497496.15	5421291.40	295.10	
497497.22	5421255.90	303.28	
497498.20	5421221.70	308.40	
497498.53	5421203.90	301.40	
497498.71	5421198.10	302.53	
497499.77	5421157.10	302.59	
497499.91	5421151.80	302.71	
497501.86	5421086.40	316.96	
497502.00	5421081.10	317.20	
497500.26	5421078.50	317.47	
497498.66	5421121.80	303.88	
497497.61	5421154.60	302.66	
497497.52	5421157.30	302.72	
497497.18	5421168.30	302.91	
497496.31	5421195.90	302.65	
497495.72	5421215.30	304.07	
497493.85	5421271.40	297.07	
497493.44	5421283.50	295.59	
497492.85	5421301.90	294.55	
497492.21	5421301.00	294.59	
497492.51	5421289.90	295.12	
497493.07	5421269.90	297.32	
497494.62	5421213.50	301.05	
497494.78	5421207.80	301.92	
497495.95	5421163.80	302.72	
497497.88	5421098.40	315.07	
497498.26	5421085.10	316.73	
497498.76	5421066.50	317.56	
497496.05	5421095.70	316.35	
497495.41	5421112.20	309.44	
497491.69	5421229.60	309.55	
497490.34	5421266.50	298.80	
497489.60	5421288.10	295.16	
497489.40	5421294.30	294.72	
497489.30	5421297.30	294.69	
497489.44	5421268.10	298.05	
497490.77	5421224.50	307.53	
497491.46	5421195.30	302.84	
497491.97	5421176.10	302.72	
497492.18	5421168.00	302.77	
497492.90	5421140.80	302.83	
497494.87	5421075.80	317.13	
497493.14	5421073.30	317.15	
497491.49	5421119.00	306.73	
497491.14	5421127.40	302.46	
497490.54	5421146.40	302.75	
497490.27	5421154.50	302.68	
497489.65	5421173.80	302.65	
497489.30	5421185.00	302.67	
497487.93	5421231.10	309.40	
497486.86	5421261.10	303.15	
497486.57	5421268.10	298.78	
497486.11	5421280.60	295.80	
497485.68	5421269.30	298.47	
497486.68	5421239.10	309.27	
497486.95	5421228.50	308.17	
497487.70	5421196.60	302.15	
497488.23	5421177.30	302.78	
497488.31	5421174.50	302.73	
497488.45	5421169.10	302.75	
497489.84	5421120.20	306.73	
497491.25	5421074.40	316.91	
497488.74	5421095.80	315.57	
497488.56	5421101.10	315.37	
497488.13	5421111.80	311.10	
497487.90	5421117.50	308.47	
497487.36	5421131.30	302.67	
497485.02	5421203.00	302.66	
497484.29	5421227.50	306.79	
497482.54	5421276.00	296.16	
497483.15	5421232.30	309.07	
497484.28	5421186.90	302.70	
497484.58	5421175.90	302.71	
497484.80	5421167.70	302.70	
497485.25	5421151.30	302.72	
497485.84	5421129.70	302.70	
497486.45	5421113.10	311.06	
497487.27	5421086.20	316.22	
497487.49	5421078.30	316.70	
497487.79	5421067.60	317.00	
497486.00	5421068.10	316.86	
497485.82	5421073.30	316.72	
497482.44	5421168.20	302.73	
497482.16	5421176.60	302.79	
497481.89	5421184.80	302.68	
497480.92	5421213.10	300.93	
497480.65	5421221.50	301.09	
497480.55	5421224.40	300.91	
497477.63	5421286.70	295.12	
497478.25	5421268.30	301.47	
497480.66	5421182.50	302.71	
497481.88	5421138.90	303.00	
497483.46	5421090.00	315.75	
497484.29	5421060.80	317.00	
497481.80	5421082.50	316.22	
497478.92	5421161.20	302.90	
497478.55	5421172.20	302.75	
497478.27	5421180.60	302.81	
497477.52	5421202.90	302.43	
497476.73	5421225.60	300.85	
497476.59	5421232.80	306.97	
497475.17	5421271.90	300.19	
497474.12	5421300.30	294.23	
497474.64	5421263.30	303.72	
497476.16	5421208.40	302.62	
497477.33	5421167.30	302.89	
497477.79	5421151.00	302.78	
497478.17	5421137.30	302.60	
497478.45	5421129.00	305.21	
497478.56	5421126.20	306.87	
497479.55	5421096.40	315.25	
497480.16	5421075.30	316.47	
497478.73	5421062.40	316.67	
497478.55	5421067.70	316.54	
497478.37	5421073.00	316.36	
497475.91	5421137.80	302.51	
497474.99	5421165.20	302.92	
497472.69	5421234.10	306.16	
497471.24	5421249.50	308.04	
497471.55	5421238.50	308.08	
497471.67	5421233.30	306.43	
497471.94	5421220.60	301.14	
497473.08	5421181.90	302.77	
497474.24	5421141.20	302.74	
497475.03	5421118.80	311.18	
497476.65	5421065.50	316.53	
497474.62	5421071.40	316.28	
497474.05	5421087.30	315.57	
497473.58	5421100.50	314.64	
497472.87	5421119.40	311.37	
497472.75	5421122.20	310.17	
497469.86	5421202.40	302.61	
497469.06	5421225.00	301.53	
497466.79	5421287.70	294.84	
497466.04	5421287.30	294.67	
497466.83	5421265.50	303.42	
497467.66	5421239.80	307.48	
497467.73	5421233.00	300.76	
497469.93	5421158.50	302.89	
497470.16	5421150.40	302.14	
497470.69	5421133.80	304.89	
497471.97	5421095.80	314.91	
497472.53	5421077.30	316.10	
497470.75	5421075.30	316.07	
497470.65	5421078.00	315.96	
497468.85	5421126.20	309.24	
497466.92	5421178.60	302.97	
497465.94	5421206.60	302.33	
497465.75	5421212.20	302.66	
497465.55	5421217.80	302.03	
497465.03	5421197.90	302.68	
497466.93	5421135.00	305.39	
497467.14	5421129.50	308.00	
497467.55	5421118.40	313.03	
497468.61	5421083.80	315.59	
497469.17	5421065.10	316.16	
497469.32	5421059.90	316.30	
497467.16	5421071.50	315.91	
497466.31	5421095.30	314.74	
497466.22	5421097.80	314.49	
497466.02	5421103.20	314.10	
497464.19	5421149.90	302.86	
497463.82	5421160.80	302.98	
497461.14	5421236.70	300.66	
497461.08	5421241.10	305.91	
497461.01	5421243.70	307.34	
497460.32	5421261.80	303.62	
497459.78	5421276.70	302.19	
497459.62	5421280.20	300.20	
497458.40	5421292.50	295.29	
497459.88	5421250.40	308.72	
497460.11	5421238.20	301.83	
497460.43	5421227.20	301.10	
497461.19	5421202.10	302.77	
497461.84	5421180.20	302.96	
497462.24	5421166.40	302.94	
497462.40	5421161.00	302.79	
497462.79	5421147.50	302.39	
497463.88	5421117.10	313.05	
497464.12	5421109.10	313.65	
497464.45	5421098.40	314.43	
497463.67	5421065.00	315.92	
497462.43	5421099.50	314.14	
497462.24	5421104.80	313.82	
497461.95	5421112.90	313.16	
497459.69	5421173.20	303.88	
497458.80	5421198.40	302.76	
497456.45	5421266.50	303.07	
497455.87	5421281.80	300.43	
497455.56	5421288.90	296.42	
497456.96	5421220.00	302.68	
497458.42	5421170.60	303.70	
497458.48	5421168.00	302.72	
497461.55	5421070.60	315.82	
497457.95	5421119.80	312.48	
497457.17	5421139.20	306.35	
497456.32	5421161.40	301.68	
497452.68	5421268.10	302.99	
497452.47	5421274.10	302.63	
497451.01	5421292.70	295.80	
497452.40	5421253.20	308.92	
497452.68	5421238.50	301.34	
497453.11	5421224.30	302.46	
497453.99	5421194.10	302.86	
497455.09	5421155.80	302.74	
497455.85	5421133.60	309.20	
497456.30	5421120.00	312.34	
497456.78	5421104.00	313.55	
497457.02	5421095.90	314.17	
497457.19	5421090.50	314.58	
497456.12	5421065.40	315.52	
497454.62	5421107.90	313.12	
497453.96	5421126.80	311.74	
497452.84	5421154.70	302.46	
497452.12	5421176.60	303.91	
497451.35	5421198.90	302.80	
497450.77	5421215.70	302.46	
497449.78	5421246.30	305.15	
497447.92	5421296.00	294.75	
497448.04	5421272.90	302.52	
497449.38	5421225.90	302.50	
497449.53	5421220.50	302.31	
497449.70	5421214.80	302.78	
497449.94	5421206.60	302.80	
497452.52	5421121.60	312.04	
497453.32	5421094.80	314.05	
497448.32	5421180.70	304.04	
497447.74	5421197.70	302.93	
497447.65	5421200.40	302.87	
497447.08	5421217.20	302.54	
497446.98	5421220.10	302.47	
497446.20	5421243.10	301.23	
497445.50	5421267.40	307.44	
497443.49	5421301.50	294.15	
497443.59	5421298.50	294.88	
497444.97	5421258.80	308.91	
497447.41	5421167.00	301.78	
497448.11	5421144.80	306.24	
497449.29	5421106.70	312.74	
497450.37	5421069.50	315.28	
497450.59	5421061.60	315.34	
497450.67	5421058.80	315.44	
497447.90	5421089.40	314.10	
497447.07	5421113.60	312.12	
497441.30	5421263.00	308.49	
497441.47	5421255.20	306.47	
497443.28	5421187.10	304.30	
497443.75	5421168.30	301.88	
497444.82	5421134.90	310.77	
497445.06	5421126.80	311.24	
497445.58	5421108.00	312.17	
497446.12	5421089.40	314.00	
497446.50	5421076.10	314.97	
497444.53	5421080.10	314.53	
497444.44	5421082.70	314.40	
497444.17	5421090.60	313.83	
497444.08	5421093.50	313.66	
497441.98	5421153.40	304.09	
497441.51	5421167.20	302.41	
497439.91	5421217.20	302.46	
497436.87	5421290.80	301.41	
497437.18	5421279.60	302.07	
497437.73	5421264.00	309.03	
497438.34	5421235.60	301.77	
497439.42	5421196.50	304.09	
497440.19	5421166.60	302.48	
497441.29	5421130.70	310.76	
497441.51	5421122.60	311.40	
497441.96	5421106.50	312.49	
497442.84	5421074.50	314.74	
497440.17	5421099.70	312.84	
497439.90	5421107.80	312.27	
497439.10	5421132.20	310.41	
497438.31	5421154.20	304.75	
497437.99	5421162.90	302.11	
497437.64	5421173.80	301.64	
497434.74	5421236.20	302.22	
497435.09	5421222.50	302.09	
497435.39	5421211.20	302.84	
497437.65	5421128.70	310.61	
497438.52	5421096.60	313.08	
497437.75	5421058.00	314.77	
497436.83	5421087.30	313.59	
497436.23	5421106.00	312.30	
497435.72	5421122.10	311.09	
497435.46	5421130.30	310.33	
497435.20	5421138.40	309.74	
497434.27	5421163.80	301.64	
497433.94	5421174.80	301.75	
497433.34	5421196.50	304.51	
497432.87	5421210.70	302.83	
497431.99	5421239.20	301.66	
497430.17	5421298.20	299.25	
497429.63	5421295.20	301.12	
497430.92	5421242.90	300.87	
497432.10	5421198.10	304.43	
497432.80	5421168.30	302.29	
497433.03	5421159.90	303.75	
497433.13	5421157.10	305.08	
497433.55	5421143.20	309.28	
497433.91	5421129.60	310.30	
497434.89	5421092.00	313.26	
497433.70	5421066.90	314.42	
497432.21	5421115.00	311.27	
497432.13	5421117.80	311.08	
497432.05	5421120.40	310.94	
497431.37	5421142.00	309.24	
497430.80	5421158.80	304.94	
497429.29	5421208.90	302.98	
497428.70	5421228.60	302.33	
497428.07	5421248.90	300.86	
497427.60	5421270.00	308.73	
497426.20	5421290.50	300.91	
497426.80	5421271.90	308.78	
497427.42	5421240.60	302.26	
497427.85	5421221.50	300.89	
497431.09	5421095.40	312.72	
497431.56	5421076.80	314.02	
497430.30	5421057.10	314.43	
497429.83	5421073.00	314.02	
497429.67	5421078.50	313.76	
497429.11	5421097.10	312.43	
497428.30	5421123.90	310.45	
497426.98	5421165.30	303.19	
497426.40	5421184.80	302.40	
497425.24	5421224.30	300.31	
497424.88	5421238.10	302.22	
497424.37	5421255.50	301.15	
497424.27	5421258.70	300.90	
497423.98	5421273.80	308.62	
497426.13	5421147.60	308.48	
497426.27	5421142.10	308.84	
497426.40	5421136.60	309.28	
497426.47	5421134.00	309.57	
497426.60	5421128.50	310.05	
497426.99	5421112.30	311.13	
497427.06	5421109.70	311.32	
497427.58	5421088.20	313.10	
497426.28	5421066.00	313.98	
497425.97	5421076.80	313.67	
497425.74	5421084.70	313.17	
497424.70	5421119.70	310.41	
497423.90	5421146.80	308.23	
497423.07	5421172.00	301.70	
497420.46	5421265.40	301.02	
497420.04	5421284.30	306.65	
497419.91	5421287.80	304.70	
497419.22	5421288.00	306.08	
497419.31	5421285.00	307.14	
497419.42	5421281.80	309.06	
497420.45	5421226.50	298.51	
497420.58	5421216.40	294.05	
497421.29	5421192.50	303.01	
497421.38	5421187.40	301.65	
497422.57	5421140.30	308.73	
497422.64	5421137.50	309.01	
497423.02	5421121.40	310.28	
497423.14	5421116.10	310.56	
497423.52	5421099.90	311.73	
497423.59	5421097.20	312.01	
497423.72	5421091.90	312.57	
497424.33	5421065.40	313.88	
497424.39	5421062.60	313.99	
497424.51	5421057.30	314.02	
497422.52	5421064.50	313.81	
497421.28	5421107.30	311.03	
497420.03	5421150.50	307.79	
497419.22	5421176.00	301.72	
497419.00	5421184.20	301.93	
497418.64	5421197.90	303.08	
497418.55	5421201.00	302.47	
497417.78	5421224.70	295.98	
497417.46	5421240.50	302.13	
497416.33	5421285.40	306.95	
497415.97	5421263.10	301.03	
497416.69	5421223.20	293.56	
497417.55	5421191.00	301.78	
497417.74	5421182.80	302.26	
497418.25	5421163.20	306.66	
497418.32	5421160.40	306.93	
497418.76	5421141.30	308.47	
497418.95	5421133.30	309.15	
497419.14	5421125.10	309.73	
497419.38	5421114.30	310.42	
497419.51	5421109.00	310.77	
497420.60	5421061.00	313.76	
497418.55	5421068.50	313.33	
497418.03	5421087.00	312.48	
497417.73	5421097.70	311.55	
497416.11	5421154.60	307.31	
497414.15	5421217.80	293.87	
497413.92	5421226.30	294.05	
497412.75	5421280.40	308.43	
497412.06	5421269.80	300.28	
497412.57	5421247.20	301.93	
497412.83	5421229.20	295.74	
497412.96	5421221.20	294.04	
497413.26	5421207.30	293.94	
497413.73	5421192.30	301.22	
497414.12	5421175.50	303.29	
497414.36	5421167.00	306.08	
497414.61	5421156.20	307.07	
497415.05	5421136.90	308.66	
497415.36	5421123.50	309.70	
497416.73	5421061.90	313.48	
497412.64	5421142.10	308.02	
497411.35	5421186.50	302.36	
497411.27	5421189.30	302.17	
497410.16	5421224.70	293.32	
497410.03	5421230.20	294.26	
497410.00	5421232.70	295.98	
497409.02	5421276.60	305.28	
497407.98	5421290.80	306.59	
497408.93	5421237.90	298.61	
497409.09	5421225.10	293.53	
497411.16	5421140.50	308.08	
497411.41	5421129.80	309.00	
497411.58	5421121.70	309.48	
497411.94	5421105.50	310.53	
497412.60	5421076.20	312.62	
497410.66	5421078.20	312.34	
497410.52	5421083.60	312.17	
497410.45	5421086.10	311.94	
497407.45	5421193.00	301.99	
497406.80	5421211.30	293.34	
497406.44	5421225.50	293.97	
497405.08	5421288.30	308.32	
497404.64	5421268.60	301.02	
497404.68	5421265.80	300.45	
497404.73	5421263.20	300.19	
497404.94	5421254.60	301.53	
497405.08	5421246.40	300.53	
497407.41	5421141.30	307.84	
497407.82	5421122.40	309.28	
497408.30	5421100.90	310.74	
497406.58	5421089.80	311.45	
497405.54	5421127.50	308.81	
497404.87	5421152.00	306.78	
497403.60	5421196.70	301.52	
497403.40	5421202.80	299.22	
497402.83	5421220.80	293.89	
497402.24	5421248.00	299.98	
497402.20	5421250.60	301.05	
497402.14	5421253.40	301.62	
497401.48	5421281.60	305.13	
497400.70	5421284.30	305.74	
497400.71	5421280.10	302.00	
497400.72	5421277.80	300.13	
497401.59	5421229.30	294.07	
497404.13	5421120.50	309.11	
497404.24	5421115.20	309.51	
497404.30	5421112.50	309.55	
497405.01	5421080.20	311.85	
497402.68	5421095.90	310.59	
497401.80	5421128.40	308.45	
497400.97	5421158.40	306.12	
497399.33	5421213.10	294.34	
497399.22	5421216.10	292.95	
497398.48	5421249.30	298.83	
497398.26	5421260.10	301.52	
497397.60	5421290.50	307.60	
497396.95	5421283.30	302.78	
497397.97	5421224.40	294.23	
497398.78	5421192.60	301.72	
497399.19	5421175.80	304.90	
497399.25	5421173.00	305.02	
497399.90	5421142.90	307.25	
497401.36	5421075.60	311.73	
497397.57	5421145.60	306.94	
497396.67	5421178.70	304.49	
497396.34	5421190.10	302.80	
497395.57	5421213.80	295.08	
497395.11	5421231.20	294.14	
497394.48	5421261.20	301.43	
497394.15	5421273.20	300.08	
497393.87	5421289.10	306.50	
497393.18	5421288.50	306.25	
497393.31	5421276.30	300.85	
497393.41	5421271.00	300.41	
497393.91	5421239.40	293.71	
497395.18	5421187.80	303.64	
497395.48	5421173.80	304.68	
497395.90	5421154.70	306.20	
497395.26	5421092.50	310.32	
497392.72	5421185.30	303.81	
497392.65	5421188.10	303.68	
497390.22	5421279.80	300.83	
497390.05	5421285.90	300.04	
497389.33	5421285.70	299.96	
497389.75	5421266.10	301.16	
497389.93	5421253.30	297.10	
497390.14	5421240.10	294.41	
497390.35	5421229.20	293.70	
497390.40	5421226.40	293.28	
497390.94	5421208.20	301.10	
497391.07	5421202.60	301.96	
497391.17	5421197.10	301.22	
497391.69	5421174.80	304.53	
497392.41	5421142.00	306.93	
497393.00	5421114.90	308.78	
497393.06	5421112.30	308.99	
497393.88	5421074.70	311.31	
497390.44	5421131.20	307.69	
497389.68	5421158.70	305.50	
497389.61	5421161.30	305.37	
497389.38	5421169.60	304.80	
497388.77	5421192.00	303.13	
497388.59	5421197.80	302.02	
497387.06	5421250.60	294.10	
497386.33	5421283.90	300.67	
497385.48	5421289.30	299.98	
497387.23	5421206.30	301.87	
497389.88	5421086.30	310.30	
497386.65	5421132.30	307.30	
497384.88	5421196.10	302.52	
497382.43	5421247.70	294.40	
497382.69	5421234.00	293.39	
497382.83	5421228.20	294.43	
497384.10	5421176.90	304.08	
497385.50	5421114.20	308.43	
497385.61	5421108.90	308.70	
497385.80	5421100.80	309.54	
497386.44	5421071.40	311.20	
497383.51	5421109.30	308.55	
497383.44	5421111.90	308.41	
497383.00	5421128.10	307.49	
497382.46	5421147.30	306.05	
497381.46	5421183.20	303.33	
497380.89	5421203.00	301.38	
497380.81	5421205.90	301.00	
497379.67	5421244.30	294.42	
497378.16	5421277.70	300.69	
497378.29	5421269.80	299.43	
497378.68	5421246.00	294.32	
497379.17	5421225.90	297.32	
497379.62	5421208.50	301.25	
497379.86	5421197.40	301.84	
497380.05	5421189.10	302.74	
497381.17	5421139.70	306.56	
497380.83	5421070.30	310.70	
497379.33	5421124.00	307.58	
497379.11	5421132.10	307.04	
497377.71	5421181.80	303.26	
497377.23	5421198.80	301.67	
497376.27	5421230.90	296.16	
497375.91	5421243.00	294.14	
497374.06	5421292.40	300.64	
497374.47	5421269.00	297.08	
497374.50	5421266.40	295.83	
497374.92	5421244.60	294.39	
497375.86	5421207.10	301.02	
497376.05	5421198.70	301.53	
497377.91	5421116.70	307.91	
497378.33	5421097.70	309.03	
497375.46	5421128.10	307.13	
497374.92	5421147.30	305.62	
497373.91	5421183.20	302.86	
497373.51	5421197.30	301.52	
497372.72	5421225.90	299.95	
497372.26	5421238.60	293.84	
497371.64	5421261.90	293.70	
497371.52	5421267.40	294.85	
497371.63	5421227.90	299.40	
497371.80	5421222.00	301.58	
497372.52	5421188.90	302.34	
497372.58	5421186.00	302.64	
497373.82	5421131.40	306.78	
497373.94	5421126.00	307.13	
497374.24	5421112.60	307.98	
497375.02	5421077.60	309.93	
497375.38	5421061.50	310.81	
497372.78	5421089.10	309.16	
497372.56	5421097.00	308.75	
497370.65	5421165.10	304.04	
497369.45	5421207.40	300.47	
497369.11	5421221.20	301.55	
497366.50	5421292.70	299.35	
497366.85	5421269.60	293.80	
497367.05	5421261.10	294.62	
497367.23	5421252.60	294.70	
497367.66	5421235.30	297.37	
497367.76	5421232.30	298.89	
497368.11	5421218.00	301.19	
497368.14	5421215.30	300.35	
497369.21	5421168.20	303.78	
497370.14	5421127.30	306.82	
497370.20	5421124.60	307.00	
497371.03	5421087.00	309.14	
497369.71	5421063.70	310.44	
497369.26	5421079.70	309.50	
497368.96	5421090.50	308.89	
497368.14	5421120.10	307.13	
497367.30	5421150.10	305.05	
497366.91	5421163.90	303.96	
497366.67	5421172.30	303.31	
497366.12	5421191.90	301.76	
497365.96	5421197.50	301.34	
497365.88	5421200.50	301.06	
497364.93	5421234.70	298.85	
497364.34	5421253.20	294.36	
497363.77	5421276.20	295.77	
497363.01	5421273.80	294.25	
497364.83	5421194.60	301.38	
497364.90	5421191.70	301.67	
497365.28	5421175.10	303.13	
497365.40	5421169.60	303.51	
497366.32	5421128.70	306.51	
497367.16	5421091.00	308.77	
497362.86	5421173.80	303.06	
497361.91	5421207.70	300.19	
497361.42	5421227.20	301.57	
497360.53	5421254.90	293.88	
497360.25	5421266.40	294.86	
497359.00	5421292.40	299.99	
497359.42	5421266.60	294.78	
497359.47	5421263.80	294.72	
497360.22	5421234.70	300.70	
497360.29	5421231.70	301.32	
497360.52	5421218.30	299.07	
497360.71	5421209.90	299.77	
497360.84	5421204.30	300.47	
497360.91	5421201.50	300.77	
497361.72	5421165.50	303.51	
497361.90	5421157.30	304.15	
497362.81	5421116.50	307.12	
497361.68	5421079.90	309.05	
497360.71	5421114.90	307.03	
497360.41	5421125.80	306.44	
497360.18	5421134.10	305.78	
497360.11	5421136.70	305.55	
497359.42	5421161.40	303.68	
497359.27	5421167.00	303.30	
497359.11	5421172.60	302.99	
497358.40	5421198.00	300.86	
497356.80	5421253.60	293.51	
497356.53	5421264.90	294.76	
497356.27	5421242.00	299.11	
497356.91	5421211.40	299.63	
497358.45	5421142.30	305.09	
497359.23	5421107.10	307.44	
497359.28	5421104.50	307.60	
497359.69	5421085.60	308.59	
497359.81	5421080.20	308.92	
497360.16	5421064.20	309.90	
497358.50	5421057.40	310.02	
497357.55	5421092.20	308.11	
497356.37	5421135.50	305.42	
497353.50	5421242.00	300.35	
497352.88	5421260.90	293.98	
497352.60	5421272.40	294.87	
497351.48	5421293.20	298.16	
497352.55	5421243.10	300.26	
497353.00	5421218.50	298.31	
497353.14	5421212.80	299.36	
497353.27	5421207.20	299.91	
497354.74	5421141.00	304.98	
497354.10	5421080.30	308.65	
497354.02	5421082.90	308.41	
497353.95	5421085.60	308.37	
497353.74	5421093.60	307.93	
497352.93	5421123.40	306.17	
497352.41	5421142.40	304.67	
497351.96	5421158.90	303.47	
497350.89	5421198.20	300.43	
497350.81	5421200.90	300.23	
497350.57	5421209.70	299.55	
497350.02	5421232.10	300.39	
497349.90	5421237.60	301.33	
497348.76	5421276.90	295.01	
497348.01	5421276.30	295.01	
497348.60	5421250.50	298.14	
497349.00	5421233.20	300.43	
497349.60	5421203.00	300.09	
497350.93	5421142.30	304.66	
497351.22	5421128.80	305.67	
497351.39	5421120.60	306.21	
497351.74	5421104.40	307.11	
497351.80	5421101.70	307.32	
497350.65	5421068.20	309.19	
497349.57	5421108.60	306.81	
497349.50	5421111.20	306.58	
497349.42	5421113.90	306.45	
497348.84	5421135.60	305.07	
497347.42	5421188.30	301.05	
497346.81	5421211.00	299.34	
497346.20	5421236.30	300.51	
497345.80	5421251.00	299.07	
497345.29	5421266.80	294.04	
497344.44	5421269.50	294.17	
497344.82	5421254.60	297.92	
497345.36	5421226.90	297.35	
497347.34	5421135.50	305.00	
497347.63	5421121.80	305.87	
497347.74	5421116.50	306.21	
497347.80	5421113.80	306.32	
497348.37	5421086.80	307.90	
497348.87	5421062.80	309.27	
497346.52	5421083.00	308.02	
497345.45	5421123.50	305.73	
497343.01	5421215.40	298.78	
497342.30	5421246.20	301.17	
497340.51	5421284.30	295.10	
497341.98	5421214.00	298.94	
497343.33	5421150.20	303.71	
497343.50	5421142.20	304.31	
497343.55	5421139.40	304.40	
497343.84	5421125.70	305.55	
497344.07	5421115.00	306.15	
497343.06	5421073.40	308.24	
497342.92	5421078.70	308.06	
497342.30	5421103.00	306.74	
497341.95	5421116.50	306.01	
497341.52	5421132.90	304.85	
497340.80	5421160.40	302.77	
497340.22	5421182.60	301.18	
497340.07	5421188.30	300.83	
497340.00	5421191.00	300.59	
497338.99	5421228.60	296.57	
497337.75	5421278.30	295.13	
497337.39	5421293.20	294.94	
497337.18	5421269.10	294.24	
497337.82	5421242.60	299.92	
497338.95	5421184.50	300.97	
497339.12	5421176.20	301.73	
497340.96	5421086.40	307.57	
497341.12	5421078.40	307.93	
497341.34	5421067.70	308.69	
497339.24	5421077.40	307.81	
497337.93	5421128.60	304.90	
497337.86	5421131.40	304.71	
497335.64	5421218.10	298.45	
497333.30	5421283.80	295.31	
497333.43	5421275.80	294.25	
497334.13	5421244.00	298.98	
497335.65	5421166.30	302.17	
497335.82	5421158.20	302.67	
497336.37	5421130.80	304.71	
497337.38	5421079.60	307.62	
497337.70	5421063.40	308.36	
497335.59	5421075.90	307.59	
497335.26	5421089.20	306.92	
497334.79	5421108.20	306.07	
497334.17	5421132.60	304.40	
497330.59	5421275.30	293.97	
497330.35	5421286.90	295.22	
497330.28	5421289.90	295.19	
497330.32	5421258.50	301.04	
497330.37	5421255.80	301.06	
497331.55	5421189.80	300.34	
497332.10	5421162.10	302.29	
497332.37	5421148.40	303.25	
497332.91	5421121.10	305.15	
497333.06	5421113.10	305.64	
497333.32	5421099.60	306.34	
497333.48	5421091.40	306.79	
497334.04	5421062.00	308.10	
497331.74	5421082.60	307.11	
497330.14	5421147.60	303.16	
497329.93	5421156.00	302.51	
497328.90	5421197.90	299.68	
497328.09	5421229.70	296.06	
497327.79	5421241.60	294.77	
497327.73	5421246.80	297.33	
497327.21	5421270.00	297.88	
497326.71	5421259.70	301.02	
497326.84	5421246.80	296.95	
497326.97	5421236.40	294.53	
497327.23	5421224.60	296.89	
497327.74	5421199.40	299.65	
497329.93	5421084.50	306.75	
497330.18	5421071.20	307.58	
497330.43	5421057.70	308.19	
497328.48	5421065.00	307.80	
497327.84	5421091.80	306.30	
497327.65	5421100.00	305.92	
497326.86	5421132.50	303.87	
497326.53	5421146.20	302.93	
497325.95	5421171.00	301.81	
497324.28	5421237.30	294.01	
497324.00	5421256.20	300.01	
497322.44	5421292.80	295.38	
497322.76	5421275.90	296.87	
497323.02	5421266.60	300.86	
497323.11	5421261.10	300.60	
497323.18	5421253.30	298.27	
497323.30	5421240.50	293.82	
497323.91	5421211.70	298.79	
497324.48	5421181.00	300.93	
497325.34	5421134.40	303.71	
497325.39	5421131.60	303.82	
497325.79	5421110.00	305.33	
497325.99	5421099.40	305.86	
497324.22	5421090.50	306.16	
497324.10	5421096.00	305.98	
497323.34	5421128.40	304.03	
497322.31	5421172.50	301.56	
497320.74	5421236.00	293.71	
497320.47	5421250.10	295.32	
497321.50	5421146.50	302.63	
497321.55	5421143.90	302.80	
497321.64	5421138.30	303.09	
497321.94	5421122.00	304.37	
497322.04	5421116.70	304.76	
497322.89	5421068.10	307.21	
497322.94	5421065.40	307.38	
497320.71	5421083.70	306.23	
497320.40	5421097.20	305.62	
497320.22	5421105.30	305.20	
497319.98	5421116.10	304.74	
497318.80	5421168.30	301.85	
497318.67	5421173.80	301.41	
497318.34	5421187.90	300.16	
497317.99	5421202.20	298.18	
497317.59	5421217.10	294.57	
497317.01	5421243.20	293.27	
497316.95	5421246.10	293.20	
497315.79	5421274.70	300.28	
497316.35	5421229.10	293.60	
497316.91	5421090.30	305.64	
497316.74	5421098.50	305.30	
497315.18	5421169.60	301.72	
497312.89	5421224.80	293.83	
497313.09	5421213.30	294.80	
497313.46	5421193.50	297.85	
497314.02	5421162.60	301.68	
497314.16	5421154.50	302.25	
497314.70	5421121.80	304.05	
497314.83	5421113.60	304.57	
497315.27	5421086.70	305.69	
497315.35	5421081.20	305.95	
497315.48	5421073.20	306.32	
497313.10	5421099.70	305.16	
497313.04	5421102.40	304.98	
497312.46	5421129.60	303.23	
497312.16	5421143.40	302.38	
497311.21	5421185.30	297.48	
497310.77	5421205.30	295.52	
497310.04	5421240.00	293.90	
497309.85	5421248.80	292.92	
497309.78	5421251.90	292.84	
497309.69	5421257.50	293.78	
497309.60	5421267.80	298.69	
497308.86	5421264.10	296.59	
497309.32	5421228.50	294.20	
497310.01	5421186.50	297.31	
497310.11	5421180.70	297.91	
497310.02	5421074.00	306.08	
497309.97	5421076.60	305.93	
497309.53	5421098.30	305.10	
497309.19	5421114.50	304.37	
497308.00	5421169.80	298.89	
497305.98	5421277.40	300.60	
497305.92	5421280.40	300.53	
497305.76	5421286.90	299.04	
497305.40	5421255.00	292.66	
497306.07	5421212.60	295.81	
497306.54	5421182.00	297.72	
497307.34	5421132.20	302.62	
497307.73	5421107.80	304.57	
497308.08	5421083.50	305.50	
497308.12	5421080.80	305.74	
497308.40	5421062.00	306.41	
497305.93	5421096.70	305.14	
497305.50	5421118.30	303.96	
497305.44	5421121.20	303.96	
497304.80	5421151.50	300.59	
497304.39	5421171.00	298.60	
497303.65	5421207.80	296.40	
497303.30	5421225.10	295.11	
497302.94	5421242.70	293.64	
497302.51	5421268.50	295.62	
497302.48	5421273.50	298.22	
497301.61	5421287.40	300.06	
497301.80	5421259.20	292.36	
497303.19	5421166.40	298.92	
497304.23	5421098.00	305.02	
497302.72	5421073.70	305.71	
497302.67	5421076.50	305.62	
497301.60	5421130.70	302.05	
497301.25	5421147.30	299.74	
497301.09	5421155.50	299.41	
497300.35	5421194.70	297.66	
497300.23	5421200.50	297.16	
497300.18	5421203.40	296.94	
497299.78	5421223.40	295.31	
497298.03	5421291.20	299.90	
497298.17	5421270.80	295.05	
497298.20	5421263.20	292.32	
497298.78	5421223.30	295.43	
497299.19	5421195.30	297.70	
497299.46	5421175.80	298.76	
497299.79	5421151.00	299.71	
497299.94	5421140.00	300.09	
497300.37	5421112.70	303.93	
497300.41	5421110.00	304.13	
497301.03	5421064.10	306.10	
497299.12	5421066.90	304.61	
497298.60	5421096.50	304.50	
497298.09	5421121.00	301.09	
497297.28	5421165.00	299.53	
497297.18	5421170.70	299.13	
497296.09	5421227.60	294.94	
497295.69	5421248.40	293.01	
497295.27	5421279.30	297.70	
497295.19	5421287.40	300.37	
497294.97	5421238.80	293.89	
497295.21	5421221.60	295.55	
497295.37	5421210.30	296.45	
497295.41	5421207.60	296.60	
497295.83	5421176.90	298.82	
497296.12	5421154.70	299.88	
497296.29	5421141.10	300.25	
497296.33	5421138.30	300.35	
497296.43	5421130.10	300.66	
497296.53	5421121.90	301.00	
497296.90	5421094.80	302.87	
497297.29	5421065.00	304.43	
497294.67	5421108.40	301.72	
497293.89	5421152.20	300.15	
497293.79	5421157.80	299.70	
497293.49	5421174.60	298.90	
497293.28	5421185.80	298.15	
497293.08	5421197.20	297.34	
497292.91	5421205.70	296.56	
497292.86	5421208.60	296.32	
497292.81	5421211.50	296.14	
497292.60	5421223.00	295.40	
497292.43	5421231.70	294.45	
497292.26	5421240.80	293.56	
497292.16	5421246.60	293.10	
497291.71	5421275.50	294.43	
497290.97	5421285.40	298.75	
497291.00	5421268.10	291.86	
497291.64	5421219.90	295.48	
497291.79	5421208.70	296.34	
497292.23	5421175.30	298.75	
497292.54	5421150.40	300.18	
497293.04	5421109.40	301.79	
497293.31	5421087.80	303.01	
497291.92	5421058.20	304.84	
497291.34	5421090.70	302.89	
497291.15	5421101.40	302.28	
497291.10	5421104.30	302.08	
497289.72	5421184.10	298.03	
497288.18	5421271.60	291.71	
497288.12	5421279.60	294.65	
497288.07	5421290.10	299.62	
497287.42	5421274.60	292.31	
497287.53	5421263.60	291.59	
497287.86	5421238.10	293.77	
497288.29	5421204.00	296.55	
497288.40	5421195.80	297.26	
497288.57	5421181.80	298.09	
497288.77	5421165.10	299.21	
497288.80	5421162.30	299.19	
497289.04	5421143.10	300.57	
497289.20	5421129.40	301.18	
497289.56	5421099.50	302.72	
497289.88	5421072.60	304.21	
497288.06	5421070.00	304.22	
497286.59	5421157.40	299.37	
497286.30	5421174.20	298.36	
497285.73	5421208.20	296.14	
497284.53	5421286.30	296.12	
497283.87	5421275.70	291.57	
497284.22	5421244.70	293.08	
497284.70	5421205.20	296.28	
497284.83	5421193.90	297.08	
497285.06	5421174.50	298.34	
497285.13	5421168.90	298.78	
497285.85	5421105.90	302.29	
497286.12	5421081.50	303.71	
497286.21	5421073.30	303.94	
497284.21	5421081.90	303.40	
497283.28	5421139.00	300.45	
497282.91	5421161.30	298.77	
497282.86	5421164.10	298.72	
497282.68	5421175.20	298.04	
497282.63	5421178.10	297.78	
497282.50	5421186.40	297.43	
497281.79	5421229.40	294.49	
497281.54	5421244.40	293.06	
497280.99	5421279.80	291.86	
497280.68	5421243.00	293.20	
497282.23	5421104.20	302.03	
497279.61	5421142.90	299.95	
497278.67	5421201.80	296.35	
497278.54	5421210.30	295.74	
497278.26	5421227.70	294.69	
497278.11	5421236.60	293.66	
497277.45	5421278.30	290.96	
497277.42	5421281.10	291.09	
497277.40	5421284.00	291.96	
497276.79	5421272.30	290.51	
497277.18	5421238.20	293.54	
497277.24	5421232.60	294.02	
497277.34	5421224.00	294.88	
497277.58	5421201.50	296.25	
497277.65	5421195.80	296.69	
497278.17	5421146.00	299.55	
497278.23	5421140.60	299.87	
497278.67	5421097.00	302.08	
497278.97	5421067.20	303.27	
497279.03	5421061.80	303.51	
497276.87	5421086.70	302.53	
497276.75	5421094.90	302.08	
497276.62	5421102.90	301.54	
497275.65	5421166.20	298.12	
497275.61	5421169.00	298.01	
497275.26	5421191.50	296.71	
497275.17	5421197.30	296.43	
497274.69	5421228.80	294.37	
497274.40	5421246.60	292.73	
497273.31	5421267.60	291.19	
497273.34	5421264.90	291.26	
497273.49	5421250.70	292.26	
497273.68	5421233.40	293.95	
497273.74	5421227.80	294.52	
497274.17	5421185.80	296.95	
497274.22	5421180.20	297.30	
497274.47	5421155.30	298.58	
497274.56	5421147.10	299.26	
497275.04	5421097.90	301.70	
497272.71	5421123.20	300.47	
497272.67	5421125.90	300.28	
497272.01	5421170.10	297.80	
497271.92	5421175.70	297.45	
497271.84	5421181.40	297.15	
497270.42	5421274.70	290.82	
497269.67	5421277.20	290.38	
497270.40	5421206.20	295.66	
497270.45	5421200.80	295.97	
497270.76	5421170.10	297.78	
497270.94	5421150.80	298.73	
497271.67	5421074.50	302.68	
497269.76	5421080.60	302.38	
497269.24	5421116.00	300.57	
497268.10	5421193.80	296.35	
497267.97	5421202.30	295.86	
497267.41	5421240.20	293.18	
497266.05	5421289.10	290.45	
497266.27	5421264.00	291.28	
497266.53	5421238.30	293.37	
497266.57	5421235.40	293.82	
497266.62	5421229.80	294.21	
497266.73	5421218.40	294.76	
497266.79	5421212.90	295.22	
497266.92	5421198.90	295.90	
497266.94	5421196.10	296.13	
497267.47	5421140.70	299.19	
497267.49	5421138.00	299.33	
497267.54	5421132.60	299.61	
497267.59	5421127.10	299.77	
497267.72	5421113.40	300.53	
497267.77	5421108.00	300.79	
497267.97	5421086.30	301.93	
497266.48	5421057.40	302.63	
497266.10	5421084.40	301.83	
497265.75	5421108.90	300.65	
497265.67	5421114.30	300.43	
497263.79	5421244.10	292.76	
497263.65	5421253.10	292.05	
497263.61	5421256.00	291.77	
497262.74	5421262.20	291.37	
497263.02	5421233.60	293.60	
497263.31	5421202.70	295.54	
497263.47	5421186.00	296.53	
497263.62	5421169.20	297.39	
497264.00	5421128.00	299.52	
497264.17	5421109.00	300.54	
497264.32	5421092.50	301.40	
497262.27	5421101.60	300.72	
497261.64	5421145.50	298.40	
497260.80	5421204.40	295.41	
497260.60	5421218.90	294.62	
497259.44	5421234.50	293.36	
497259.63	5421214.80	294.72	
497259.71	5421206.20	295.23	
497259.73	5421203.50	295.35	
497260.01	5421172.90	296.93	
497260.43	5421126.10	299.45	
497260.60	5421107.00	300.26	
497260.70	5421096.10	300.91	
497260.93	5421069.10	302.02	
497259.09	5421070.00	301.84	
497258.17	5421135.40	298.84	
497258.09	5421141.00	298.56	
497257.62	5421174.40	296.66	
497256.81	5421231.40	293.58	
497256.77	5421234.40	293.39	
497256.55	5421249.30	292.13	
497256.42	5421258.10	291.53	
497256.25	5421270.00	290.80	
497255.32	5421289.00	289.47	
497255.83	5421235.30	293.23	
497255.96	5421221.20	294.28	
497255.99	5421218.40	294.46	
497256.04	5421212.70	294.77	
497256.12	5421204.30	295.31	
497256.36	5421176.50	296.38	
497256.39	5421173.80	296.67	
497256.53	5421157.30	297.52	
497256.56	5421154.40	297.52	
497256.76	5421132.30	298.78	
497256.78	5421129.60	298.91	
497257.28	5421072.60	301.58	
497257.35	5421064.40	301.81	
497255.60	5421060.30	301.73	
497254.61	5421130.90	298.69	
497254.22	5421158.50	297.22	
497254.03	5421172.50	296.64	
497253.83	5421186.60	296.06	
497253.79	5421189.40	295.82	
497253.75	5421192.20	295.70	
497253.04	5421241.30	292.62	
497252.44	5421283.20	289.86	
497251.93	5421264.50	291.07	
497252.39	5421216.40	294.41	
497252.59	5421194.00	295.63	
497252.76	5421174.60	296.39	
497253.11	5421135.90	298.39	
497253.28	5421116.80	299.48	
497253.35	5421108.60	299.75	
497253.52	5421089.50	300.73	
497251.86	5421069.10	301.27	
497251.14	5421120.80	299.20	
497251.05	5421126.30	298.79	
497249.74	5421218.90	294.18	
497249.23	5421254.20	291.53	
497249.18	5421257.20	291.39	
497249.10	5421263.10	290.97	
497248.22	5421274.00	290.38	
497248.40	5421254.10	291.53	
497248.49	5421245.50	292.23	
497248.54	5421239.90	292.64	
497248.60	5421234.30	293.14	
497248.81	5421211.50	294.59	
497248.83	5421208.80	294.64	
497249.25	5421161.50	296.71	
497249.28	5421158.90	296.87	
497249.61	5421123.10	298.91	
497249.66	5421117.70	299.28	
497249.70	5421112.30	299.42	
497248.35	5421062.00	301.28	
497247.89	5421094.50	300.14	
497247.85	5421097.10	299.93	
497247.73	5421105.40	299.51	
497246.67	5421180.10	295.89	
497246.02	5421225.70	293.61	
497245.32	5421273.20	290.18	
497244.53	5421280.30	289.73	
497244.64	5421269.00	290.47	
497244.85	5421246.40	292.02	
497245.05	5421226.60	293.69	
497245.78	5421145.80	297.45	
497245.98	5421123.80	298.65	
497246.20	5421099.30	299.72	
497246.56	5421058.60	301.18	
497244.05	5421108.90	299.14	
497243.94	5421117.10	298.87	
497243.86	5421122.60	298.63	
497243.78	5421128.10	298.14	
497243.74	5421131.00	298.06	
497243.66	5421136.20	297.89	
497242.28	5421232.60	293.10	
497241.97	5421253.20	291.50	
497241.62	5421277.20	289.73	
497241.81	5421182.60	295.53	
497242.19	5421141.10	297.50	
497242.22	5421138.50	297.65	
497242.44	5421113.70	298.91	
497242.90	5421062.20	300.86	
497241.00	5421069.00	300.67	
497240.88	5421077.20	300.30	
497240.60	5421096.20	299.43	
497238.75	5421224.80	293.43	
497238.49	5421242.40	292.19	
497238.00	5421200.20	294.49	
497238.03	5421197.30	294.70	
497238.46	5421150.30	296.74	
497238.64	5421130.90	297.72	
497238.79	5421114.60	298.67	
497239.11	5421079.20	300.16	
497237.10	5421086.20	299.69	
497236.51	5421127.20	297.79	
497235.86	5421171.80	295.57	
497235.66	5421185.80	295.15	
497234.01	5421237.60	292.37	
497234.23	5421215.10	293.60	
497234.46	5421189.90	294.84	
497234.62	5421173.10	295.45	
497235.44	5421085.50	299.59	
497233.43	5421089.90	299.24	
497233.39	5421092.50	299.19	
497232.42	5421158.70	295.91	
497232.02	5421186.70	294.76	
497231.05	5421253.30	291.23	
497230.87	5421265.20	290.38	
497230.78	5421271.30	289.90	
497230.81	5421193.50	294.41	
497231.02	5421171.40	295.32	
497231.20	5421151.90	296.28	
497231.33	5421138.30	297.08	
497231.72	5421097.10	298.85	
497231.84	5421083.50	299.38	
497232.08	5421059.00	300.91	
497229.83	5421090.70	299.06	
497227.08	5421278.50	289.31	
497226.65	5421253.50	290.93	
497226.67	5421250.80	291.07	
497226.81	5421236.50	292.05	
497227.03	5421214.00	293.28	
497227.24	5421191.70	294.20	
497227.60	5421152.90	295.96	
497227.74	5421139.00	296.85	
497227.90	5421122.60	297.66	
497227.97	5421114.40	298.00	
497228.04	5421106.20	298.22	
497228.12	5421098.10	298.56	
497228.30	5421078.90	299.39	
497228.41	5421068.10	300.51	
497228.46	5421062.60	300.72	
497226.58	5421067.40	300.46	
497226.28	5421086.40	298.93	
497225.68	5421127.60	297.20	
497225.56	5421135.90	296.88	
497224.94	5421177.70	294.68	
497224.87	5421183.30	294.55	
497224.54	5421205.90	293.57	
497224.45	5421211.70	293.32	
497224.41	5421214.60	293.05	
497223.39	5421282.90	288.61	
497222.81	5421274.50	289.17	
497222.98	5421257.50	290.25	
497223.18	5421237.70	291.54	
497223.45	5421209.50	293.18	
497223.61	5421192.70	294.03	
497223.67	5421187.20	294.27	
497223.90	5421162.20	295.42	
497223.92	5421159.40	295.36	
497224.24	5421126.30	297.13	
497224.32	5421118.10	297.71	
497224.65	5421082.60	299.09	
497224.84	5421063.70	300.46	
497222.68	5421087.60	298.67	
497222.44	5421104.00	297.98	
497222.07	5421128.80	296.89	
497222.04	5421131.30	296.77	
497221.26	5421184.60	294.22	
497220.89	5421210.20	293.12	
497220.58	5421230.50	291.83	
497220.54	5421233.40	291.72	
497220.01	5421269.10	289.36	
497219.78	5421284.30	288.35	
497219.39	5421258.60	290.00	
497219.67	5421230.40	291.84	
497219.76	5421222.00	292.50	
497220.15	5421180.00	294.40	
497220.31	5421163.20	295.16	
497220.65	5421127.50	296.83	
497220.70	5421122.00	297.25	
497221.23	5421067.40	300.19	
497219.45	5421064.30	300.19	
497219.08	5421088.90	298.37	
497218.57	5421124.50	296.98	
497218.45	5421132.80	296.56	
497218.33	5421140.90	296.15	
497218.24	5421146.50	295.82	
497218.16	5421152.10	295.57	
497218.04	5421160.50	295.04	
497217.09	5421225.90	291.97	
497216.44	5421270.50	289.21	
497216.30	5421279.50	288.53	
497215.72	5421271.20	289.09	
497215.89	5421254.20	290.32	
497217.49	5421084.90	298.59	
497217.72	5421060.60	299.99	
497215.70	5421076.60	299.54	
497215.21	5421109.40	297.36	
497214.37	5421167.60	294.67	
497214.09	5421187.30	293.75	
497213.30	5421242.30	290.95	
497213.09	5421257.00	290.04	
497212.33	5421255.60	290.13	
497212.51	5421235.80	291.30	
497213.03	5421179.80	294.01	
497213.06	5421176.90	294.10	
497211.62	5421110.70	297.13	
497211.08	5421149.40	295.35	
497210.32	5421203.10	292.86	
497210.29	5421205.80	292.73	
497210.25	5421208.70	292.59	
497209.08	5421225.80	291.62	
497209.35	5421194.90	293.17	
497209.62	5421164.40	294.53	
497209.84	5421139.50	295.87	
497210.01	5421120.20	296.77	
497210.19	5421098.50	297.41	
497210.27	5421090.20	298.12	
497208.50	5421079.30	299.14	
497208.26	5421095.70	297.56	
497208.11	5421106.70	297.11	
497207.62	5421142.50	295.58	
497207.59	5421145.20	295.37	
497207.43	5421156.30	294.88	
497207.36	5421162.10	294.55	
497206.74	5421207.40	292.42	
497205.24	5421264.00	289.41	
497205.46	5421238.60	290.79	
497205.58	5421224.50	291.54	
497206.05	5421168.50	294.20	
497206.23	5421146.40	295.23	
497206.41	5421124.40	296.26	
497206.50	5421113.30	296.81	
497206.61	5421099.80	297.25	
497206.94	5421059.00	298.97	
497205.13	5421061.70	299.03	
497204.93	5421078.10	299.18	
497204.63	5421099.90	297.09	
497204.49	5421110.80	296.73	
497204.24	5421130.20	295.88	
497203.03	5421223.30	291.61	
497202.96	5421229.10	291.08	
497202.81	5421240.90	290.56	
497201.68	5421276.70	288.23	
497201.96	5421242.80	290.34	
497201.98	5421239.90	290.59	
497202.11	5421223.00	291.49	
497202.40	5421186.50	293.25	
497202.97	5421111.90	296.68	
497201.32	5421082.20	298.77	
497201.17	5421093.10	297.61	
497201.10	5421098.50	297.12	
497200.62	5421137.20	295.51	
497199.80	5421204.70	292.23	
497199.59	5421221.90	291.39	
497199.55	5421224.90	291.23	
497199.41	5421236.60	290.69	
497199.23	5421251.30	289.85	
497199.12	5421260.30	289.39	
497199.01	5421269.30	288.76	
497198.97	5421272.50	288.50	
497198.25	5421278.10	288.08	
497198.50	5421244.00	290.15	
497198.86	5421193.50	292.80	
497199.05	5421165.70	293.92	
497199.21	5421143.40	295.02	
497199.34	5421124.30	295.98	
497199.43	5421110.50	296.46	
497199.55	5421094.00	297.55	
497198.01	5421059.00	299.04	
497197.74	5421083.50	298.69	
497197.68	5421089.00	298.25	
497197.18	5421130.20	295.55	
497196.31	5421206.10	291.99	
497195.75	5421255.80	289.44	
497194.80	5421284.90	287.40	
497194.84	5421279.40	287.83	
497194.90	5421270.90	288.46	
497194.98	5421259.60	289.12	
497195.00	5421256.80	289.34	
497195.07	5421245.50	289.92	
497195.25	5421217.20	291.52	
497195.36	5421200.30	292.17	
497195.50	5421178.00	293.23	
497195.60	5421161.30	294.08	
497195.98	5421100.90	297.01	
497196.00	5421098.10	297.31	
497196.12	5421079.00	298.71	
497196.18	5421068.10	298.97	
497193.86	5421112.30	296.15	
497193.23	5421170.50	293.46	
497193.11	5421181.90	292.99	
497191.57	5421258.00	289.18	
497191.60	5421252.30	289.42	
497191.65	5421243.90	289.87	
497191.90	5421198.80	292.09	
497192.07	5421168.20	293.55	
497192.13	5421157.10	294.08	
497192.14	5421154.30	294.20	
497192.39	5421107.60	296.42	
497192.58	5421077.50	298.80	
497192.64	5421064.00	298.98	
497190.71	5421077.90	298.74	
497190.62	5421086.00	298.03	
497189.19	5421229.20	290.44	
497188.72	5421276.90	287.80	
497188.16	5421259.30	288.89	
497188.42	5421205.80	291.65	
497188.75	5421136.20	294.83	
497189.05	5421078.60	299.12	
497187.25	5421068.50	298.98	
497187.22	5421071.10	298.95	
497187.06	5421087.40	297.88	
497186.93	5421101.00	297.15	
497186.56	5421139.70	294.55	
497186.45	5421150.80	294.02	
497186.33	5421164.80	293.48	
497186.07	5421193.10	292.19	
497184.93	5421212.50	291.22	
497185.18	5421151.20	293.99	
497185.20	5421145.70	294.31	
497185.23	5421137.40	294.66	
497185.31	5421118.10	295.64	
497185.36	5421107.10	296.44	
497185.39	5421101.70	297.15	
497185.40	5421098.80	297.23	
497185.45	5421087.90	297.80	
497185.47	5421082.40	298.01	
497185.52	5421068.90	298.95	
497182.84	5421165.90	293.28	
497182.40	5421217.20	290.91	
497182.38	5421220.20	290.75	
497182.08	5421255.50	288.87	
497181.84	5421282.60	287.16	
497181.38	5421238.80	289.70	
497181.41	5421230.50	290.17	
497181.45	5421219.20	290.74	
497181.50	5421205.00	291.43	
497181.51	5421199.50	291.69	
497181.92	5421072.50	296.83	
497181.98	5421064.40	299.04	
497180.19	5421062.30	299.04	
497179.52	5421141.70	294.19	
497179.36	5421161.40	293.35	
497179.31	5421167.10	293.09	
497179.06	5421198.30	291.60	
497179.04	5421201.00	291.48	
497178.72	5421241.80	289.47	
497177.76	5421282.10	287.03	
497177.97	5421214.50	290.86	
497178.08	5421178.00	292.59	
497178.11	5421167.00	292.99	
497178.17	5421144.70	293.96	
497178.18	5421142.10	294.08	
497178.26	5421117.10	295.62	
497178.34	5421076.10	296.00	
497176.60	5421063.30	297.63	
497176.51	5421071.60	295.82	
497176.16	5421120.80	295.34	
497176.14	5421123.60	295.04	
497176.09	5421129.10	294.59	
497176.01	5421140.30	294.08	
497175.88	5421156.90	293.33	
497175.75	5421173.80	292.49	
497175.73	5421176.60	292.49	
497175.34	5421228.30	289.88	
497175.16	5421251.90	288.76	
497174.30	5421280.50	286.96	
497174.31	5421277.60	287.20	
497174.38	5421252.30	288.73	
497174.43	5421229.70	289.76	
497174.48	5421212.80	290.72	
497174.51	5421201.50	291.29	
497174.57	5421179.10	292.33	
497174.64	5421148.60	293.60	
497174.72	5421118.20	295.48	
497174.80	5421066.30	295.61	
497172.90	5421080.90	296.14	
497172.42	5421147.10	293.64	
497172.40	5421149.80	293.53	
497172.38	5421152.80	293.35	
497172.36	5421155.50	293.26	
497172.24	5421172.30	292.49	
497172.08	5421194.90	291.57	
497172.05	5421197.80	291.36	
497172.03	5421200.70	291.19	
497171.95	5421212.10	290.80	
497171.82	5421229.60	289.69	
497171.77	5421235.50	289.40	
497171.65	5421253.30	288.52	
497171.42	5421283.40	286.68	
497170.80	5421278.90	286.97	
497170.86	5421256.40	288.36	
497170.89	5421242.20	289.08	
497170.96	5421213.80	290.60	
497171.01	5421191.50	291.71	
497171.04	5421180.30	292.21	
497171.05	5421172.00	292.35	
497171.07	5421163.60	292.90	
497171.17	5421122.10	295.14	
497171.18	5421119.30	295.43	
497171.23	5421102.90	296.54	
497171.23	5421100.30	296.68	
497171.24	5421089.20	296.65	
497171.24	5421075.70	295.75	
497171.25	5421061.90	295.45	
497169.52	5421057.80	296.12	
497169.47	5421063.10	295.28	
497169.44	5421068.70	295.41	
497169.19	5421109.60	296.11	
497168.89	5421148.50	293.40	
497168.87	5421151.30	293.28	
497167.68	5421107.00	296.25	
497167.70	5421079.60	295.82	
497167.70	5421071.50	295.46	
497167.70	5421068.70	295.28	
497169.25	5421499.30	301.77	
497169.04	5421496.80	304.30	
497168.74	5421452.80	297.95	
497169.25	5421463.50	297.95	
497169.63	5421471.70	297.86	
497170.74	5421499.00	301.78	
497172.59	5421484.80	305.43	
497171.66	5421453.40	297.83	
497171.25	5421442.20	296.73	
497169.15	5421384.10	291.16	
497169.70	5421375.50	288.97	
497170.00	5421384.40	291.67	
497170.23	5421393.70	296.04	
497171.83	5421429.40	297.24	
497173.30	5421462.00	297.93	
497173.68	5421470.20	297.90	
497174.40	5421492.60	304.88	
497176.50	5421477.40	303.59	
497176.52	5421470.90	297.18	
497174.88	5421429.50	297.08	
497174.66	5421423.80	296.76	
497172.75	5421366.80	288.52	
497173.69	5421371.20	288.74	
497174.75	5421403.70	298.36	
497176.75	5421447.00	297.74	
497177.11	5421455.20	298.03	
497177.36	5421460.60	297.96	
497177.93	5421480.60	305.70	
497178.80	5421496.10	302.09	
497179.38	5421439.20	297.44	
497178.95	5421427.90	297.12	
497179.12	5421407.60	297.35	
497179.36	5421413.00	297.39	
497182.62	5421489.40	301.84	
497184.88	5421482.90	305.26	
497183.37	5421435.00	297.16	
497181.68	5421393.00	298.45	
497181.56	5421389.80	298.36	
497181.48	5421387.10	297.88	
497182.68	5421395.70	298.57	
497187.02	5421496.20	302.31	
497188.76	5421476.00	304.16	
497186.02	5421396.80	297.04	
497185.63	5421388.60	298.66	
497185.98	5421371.10	292.57	
497187.15	5421402.30	297.23	
497187.75	5421415.80	297.12	
497188.37	5421429.20	296.80	
497188.47	5421432.20	297.50	
497189.59	5421459.60	299.59	
497189.73	5421468.80	305.43	
497190.46	5421481.50	301.76	
497191.54	5421434.80	297.49	
497191.14	5421423.50	296.68	
497190.70	5421412.20	297.01	
497190.19	5421379.40	298.21	
497190.53	5421387.70	298.70	
497191.56	5421408.80	296.45	
497193.30	5421449.90	298.16	
497194.35	5421477.50	301.68	
497195.03	5421493.50	302.30	
497195.26	5421424.90	297.28	
497195.18	5421422.00	296.63	
497194.19	5421396.40	297.08	
497194.09	5421393.70	297.17	
497196.18	5421421.00	296.68	
497196.75	5421434.90	297.38	
497197.53	5421460.70	305.17	
497201.06	5421476.60	301.99	
497199.86	5421440.40	298.26	
497198.48	5421382.10	298.05	
497198.86	5421389.90	297.13	
497200.06	5421417.00	296.45	
497200.61	5421430.60	297.40	
497200.83	5421436.40	298.15	
497202.10	5421469.50	301.81	
497203.12	5421493.60	302.56	
497205.88	5421499.40	302.85	
497204.04	5421450.90	303.53	
497203.12	5421419.00	297.22	
497201.87	5421384.40	296.24	
497203.77	5421410.10	296.92	
497204.78	5421435.00	298.40	
497205.92	5421465.40	302.15	
497206.39	5421476.10	302.05	
497209.07	5421476.50	302.08	
497206.46	5421400.30	296.75	
497205.92	5421386.00	297.03	
497205.44	5421374.80	298.34	
497206.31	5421376.70	297.52	
497207.49	5421403.50	296.84	
497208.84	5421436.50	298.45	
497211.83	5421438.60	297.46	
497210.72	5421407.40	296.24	
497210.28	5421396.10	296.76	
497210.59	5421383.30	296.83	
497213.91	5421465.60	301.52	
497216.26	5421457.50	301.35	
497215.58	5421434.70	297.65	
497214.35	5421400.50	296.73	
497213.27	5421371.80	296.83	
497215.95	5421417.50	296.83	
497216.25	5421426.20	298.47	
497216.36	5421428.70	298.42	
497216.49	5421438.40	304.79	
497218.41	5421480.70	302.48	
497221.30	5421489.20	302.87	
497219.24	5421435.00	304.06	
497219.12	5421425.40	298.48	
497218.36	5421402.30	296.32	
497218.26	5421399.20	296.09	
497220.16	5421425.50	298.47	
497221.88	5421469.30	301.95	
497222.54	5421485.40	302.78	
497222.65	5421488.20	302.81	
497225.51	5421496.70	303.22	
497225.41	5421494.10	303.21	
497224.94	5421480.60	302.56	
497223.03	5421431.80	304.65	
497222.68	5421412.90	296.46	
497221.72	5421387.40	296.71	
497221.41	5421378.60	296.29	
497222.02	5421375.50	296.67	
497229.24	5421490.80	303.11	
497228.76	5421477.20	302.47	
497228.29	5421463.50	301.64	
497227.70	5421446.90	301.10	
497226.05	5421398.20	296.90	
497225.87	5421392.30	295.96	
497225.63	5421386.70	296.69	
497225.42	5421380.80	296.56	
497227.86	5421428.50	304.99	
497228.43	5421442.10	305.33	
497229.37	5421460.10	301.45	
497233.41	5421498.20	303.64	
497233.12	5421490.20	303.27	
497232.27	5421465.60	301.88	
497232.17	5421462.80	301.65	
497231.58	5421446.30	301.13	
497230.75	5421420.60	297.91	
497230.61	5421393.60	296.80	
497233.58	5421467.80	302.09	
497234.02	5421478.60	302.79	
497234.79	5421497.40	303.62	
497236.31	5421470.50	302.43	
497235.74	5421454.00	301.34	
497234.63	5421430.40	306.60	
497234.26	5421411.70	298.81	
497234.17	5421408.70	298.26	
497233.04	5421376.60	296.46	
497232.94	5421373.80	296.42	
497235.00	5421407.00	298.04	
497235.35	5421415.20	298.10	
497235.61	5421430.80	307.58	
497240.82	5421488.80	303.53	
497239.78	5421458.80	301.81	
497237.01	5421378.80	296.50	
497237.90	5421381.50	295.78	
497239.10	5421411.90	298.15	
497239.21	5421421.80	305.29	
497239.49	5421430.10	307.27	
497244.71	5421488.20	303.57	
497243.95	5421466.50	302.41	
497243.67	5421458.10	301.91	
497242.10	5421420.50	306.04	
497244.63	5421452.70	301.55	
497245.28	5421468.90	302.58	
497246.15	5421490.50	303.72	
497248.92	5421495.90	303.99	
497248.07	5421471.40	302.87	
497247.42	5421452.10	301.63	
497247.04	5421441.10	301.07	
497246.74	5421432.70	300.75	
497246.11	5421422.90	307.30	
497245.89	5421414.10	304.94	
497245.77	5421404.00	298.84	
497245.10	5421383.20	296.54	
497245.77	5421381.00	296.46	
497247.69	5421430.50	300.69	
497248.13	5421441.40	301.08	
497248.35	5421446.90	301.30	
497249.11	5421466.00	302.57	
497249.43	5421474.00	303.08	
497249.64	5421479.40	303.32	
497250.29	5421495.50	304.11	
497251.82	5421465.60	302.61	
497251.55	5421457.40	302.08	
497251.27	5421449.10	301.50	
497250.79	5421435.20	300.90	
497250.69	5421432.20	300.69	
497250.24	5421394.80	298.57	
497250.61	5421409.80	304.77	
497250.68	5421413.00	306.17	
497251.39	5421425.20	301.52	
497251.75	5421433.10	300.89	
497252.30	5421446.80	301.44	
497253.79	5421484.70	303.73	
497256.79	5421495.30	304.23	
497256.24	5421479.20	303.65	
497255.78	5421465.40	302.71	
497255.24	5421449.00	301.68	
497254.48	5421426.50	300.61	
497254.37	5421423.80	300.93	
497253.24	5421388.90	298.01	
497253.17	5421385.80	296.78	
497254.12	5421392.30	299.00	
497254.49	5421400.10	298.06	
497255.63	5421430.50	300.87	
497255.74	5421433.20	300.95	
497256.49	5421452.30	302.02	
497257.01	5421465.80	302.85	
497260.88	5421498.00	304.52	
497259.35	5421451.60	302.00	
497257.61	5421397.70	297.99	
497264.91	5421497.90	304.54	
497264.82	5421495.30	304.45	
497263.85	5421465.30	302.92	
497263.49	5421454.30	302.38	
497263.40	5421451.50	302.19	
497263.05	5421440.40	301.43	
497262.59	5421426.30	300.73	
497261.55	5421402.40	305.89	
497263.08	5421414.80	302.06	
497263.87	5421433.20	301.08	
497267.54	5421451.00	302.26	
497267.28	5421442.70	301.81	
497266.93	5421431.50	301.00	
497266.38	5421414.60	300.63	
497267.73	5421424.70	300.55	
497268.33	5421441.00	301.70	
497269.35	5421468.20	303.22	
497270.17	5421489.60	304.27	
497270.47	5421497.60	304.60	
497272.14	5421464.20	302.99	
497270.86	5421422.10	300.08	
497270.46	5421411.00	300.71	
497269.88	5421401.60	307.26	
497269.68	5421392.30	304.61	
497269.69	5421384.70	298.36	
497270.55	5421396.40	307.05	
497270.65	5421399.20	307.30	
497271.40	5421410.60	300.38	
497271.61	5421415.90	300.23	
497272.21	5421432.30	301.16	
497272.31	5421435.00	301.35	
497273.50	5421467.50	303.19	
497274.00	5421481.00	303.88	
497274.29	5421488.90	304.31	
497276.37	5421466.10	303.07	
497276.28	5421463.20	302.91	
497275.37	5421432.70	301.14	
497273.83	5421391.80	306.32	
497275.20	5421402.50	302.72	
497275.69	5421412.40	300.04	
497276.56	5421436.90	301.59	
497278.31	5421485.40	304.19	
497278.61	5421493.50	304.49	
497280.63	5421467.70	303.16	
497280.39	5421459.50	302.68	
497279.90	5421442.80	301.96	
497278.83	5421406.00	299.81	
497280.98	5421441.40	301.93	
497281.37	5421452.20	302.40	
497281.46	5421454.90	302.57	
497281.66	5421460.30	302.76	
497282.31	5421479.20	303.88	
497282.79	5421492.50	304.43	
497284.49	5421452.70	302.45	
497283.23	5421407.30	299.54	
497282.78	5421396.90	302.57	
497285.73	5421453.70	302.55	
497289.29	5421470.50	303.43	
497288.46	5421436.90	299.59	
497288.07	5421395.80	300.73	
497288.40	5421403.40	299.47	
497289.12	5421421.80	297.79	
497290.44	5421466.10	303.72	
497293.42	5421460.50	301.26	
497291.28	5421388.40	303.66	
497293.80	5421431.00	298.24	
497294.79	5421464.10	301.63	
497295.40	5421483.10	302.79	
497295.89	5421391.10	299.72	
497298.30	5421437.90	299.15	
497299.35	5421476.30	304.33	
497302.79	5421498.30	305.71	
497302.20	5421474.00	304.72	
497301.23	5421425.80	297.76	
497300.88	5421385.80	300.24	
497301.18	5421393.30	299.05	
497303.71	5421480.20	305.23	
497306.72	5421485.70	305.42	
497306.10	5421458.20	303.89	
497305.28	5421386.00	299.18	
497306.22	5421412.10	296.32	
497306.49	5421423.30	298.04	
497307.65	5421470.30	304.89	
497311.12	5421494.50	305.70	
497310.45	5421464.60	304.52	
497309.48	5421410.00	296.45	
497309.74	5421388.90	297.44	
497312.03	5421476.40	305.22	
497312.65	5421497.80	305.83	
497314.84	5421473.40	305.15	
497314.73	5421467.90	304.78	
497314.33	5421448.50	303.55	
497313.78	5421413.70	297.76	
497313.00	5421382.60	298.95	
497315.98	5421466.40	304.75	
497319.37	5421487.40	305.75	
497319.31	5421484.60	305.65	
497318.98	5421468.40	304.83	
497318.87	5421462.70	304.51	
497318.82	5421460.10	304.28	
497318.07	5421414.30	298.02	
497317.50	5421385.10	296.08	
497318.81	5421403.10	296.26	
497319.55	5421439.70	302.85	
497320.17	5421464.10	304.63	
497323.75	5421495.80	306.01	
497323.27	5421471.50	305.08	
497322.96	5421454.90	304.02	
497322.86	5421449.30	303.56	
497321.87	5421384.90	294.39	
497323.12	5421403.40	296.45	
497324.17	5421453.80	303.91	
497324.75	5421477.80	305.62	
497327.95	5421493.50	305.97	
497327.20	5421452.50	303.71	
497326.71	5421420.90	299.88	
497327.33	5421398.40	295.90	
497327.71	5421418.30	299.39	
497328.53	5421456.90	304.20	
497328.97	5421475.80	305.53	
497329.18	5421483.80	305.78	
497332.30	5421499.30	306.26	
497331.85	5421475.10	305.43	
497331.31	5421382.10	293.53	
497331.59	5421396.10	295.64	
497336.45	5421497.10	306.35	
497336.01	5421472.70	305.46	
497335.75	5421456.20	304.13	
497335.70	5421453.30	303.93	
497335.48	5421439.30	302.82	
497335.23	5421422.10	300.68	
497335.62	5421385.20	294.30	
497336.48	5421433.30	302.51	
497337.38	5421474.20	305.57	
497340.71	5421500.10	306.55	
497339.86	5421448.00	303.52	
497339.67	5421436.90	302.91	
497339.19	5421395.60	296.01	
497339.70	5421374.60	292.90	
497340.16	5421399.60	296.70	
497340.26	5421405.50	297.66	
497340.50	5421419.70	300.39	
497340.63	5421428.30	302.14	
497340.75	5421433.60	302.64	
497340.99	5421444.50	303.36	
497344.88	5421497.50	306.59	
497344.17	5421453.80	304.33	
497343.87	5421434.10	302.77	
497343.51	5421401.90	297.16	
497343.41	5421392.80	295.59	
497343.30	5421383.60	294.19	
497344.00	5421377.30	293.60	
497344.21	5421388.50	295.10	
497344.92	5421431.00	302.61	
497345.62	5421463.90	305.17	
497348.61	5421470.30	305.73	
497347.91	5421419.60	300.56	
497347.69	5421398.70	296.84	
497347.39	5421374.40	293.42	
497348.12	5421371.70	293.11	
497348.34	5421382.90	294.32	
497348.72	5421405.60	298.11	
497349.54	5421450.10	304.06	
497349.88	5421466.50	305.44	
497349.99	5421471.70	305.75	
497353.19	5421494.60	306.65	
497353.14	5421491.90	306.63	
497353.00	5421483.80	306.40	
497352.91	5421478.40	306.16	
497352.54	5421453.50	304.43	
497352.39	5421442.50	303.39	
497352.29	5421436.70	303.20	
497352.03	5421413.60	299.64	
497351.71	5421383.50	294.51	
497352.31	5421371.60	293.12	
497352.47	5421379.90	294.09	
497353.54	5421441.80	303.46	
497354.51	5421487.90	306.54	
497356.49	5421439.60	303.42	
497356.18	5421413.50	299.85	
497355.99	5421395.60	296.58	
497356.43	5421368.80	293.03	
497356.54	5421374.30	293.47	
497357.25	5421416.80	300.44	
497357.99	5421455.60	304.71	
497358.45	5421477.20	306.15	
497358.51	5421480.00	306.32	
497358.63	5421485.40	306.55	
497361.49	5421491.80	306.74	
497360.65	5421437.00	303.36	
497360.60	5421434.00	303.27	
497360.44	5421419.50	301.02	
497361.00	5421388.50	295.76	
497361.06	5421391.50	296.09	
497361.43	5421414.30	300.06	
497362.50	5421469.30	305.85	
497362.67	5421477.40	306.28	
497365.75	5421494.90	306.89	
497365.15	5421456.70	304.88	
497364.75	5421428.70	302.52	
497364.26	5421384.00	295.17	
497365.30	5421394.80	296.86	
497365.40	5421400.50	297.72	
497366.09	5421440.00	303.63	
497366.21	5421445.30	303.86	
497366.38	5421453.70	304.67	
497366.71	5421469.70	305.93	
497367.19	5421491.20	306.92	
497369.98	5421495.50	306.96	
497369.75	5421482.00	306.48	
497369.16	5421443.30	303.77	
497368.92	5421426.30	302.13	
497368.69	5421405.70	298.81	
497369.36	5421387.00	295.87	
497369.80	5421412.80	300.02	
497370.66	5421457.10	305.03	
497370.90	5421467.90	305.70	
497371.08	5421476.00	306.28	
497371.20	5421481.40	306.47	
497371.26	5421484.00	306.64	
497371.32	5421486.80	306.77	
497371.38	5421489.40	306.88	
497371.57	5421497.40	307.17	
497373.97	5421482.50	306.71	
497373.45	5421449.60	304.33	
497373.23	5421435.70	303.55	
497373.04	5421421.30	301.57	
497372.67	5421388.60	296.06	
497373.69	5421396.50	297.31	
497375.35	5421479.50	306.60	
497377.51	5421444.80	304.11	
497377.38	5421436.70	303.59	
497377.29	5421430.80	303.07	
497376.86	5421395.60	297.23	
497376.82	5421392.50	296.80	
497377.49	5421380.50	295.08	
497378.25	5421423.00	301.85	
497381.79	5421457.30	305.30	
497381.38	5421432.00	303.26	
497380.63	5421375.60	294.62	
497380.54	5421369.60	293.93	
497381.76	5421393.00	296.94	
497382.03	5421407.50	299.23	
497382.62	5421438.20	303.85	
497386.55	5421496.60	307.40	
497385.30	5421424.70	302.11	
497385.26	5421421.80	301.63	
497384.86	5421392.00	296.81	
497384.54	5421370.90	294.12	
497384.48	5421367.80	293.93	
497384.43	5421364.80	293.61	
497385.13	5421363.50	293.50	
497385.61	5421385.90	295.99	
497385.89	5421400.20	298.13	
497386.05	5421408.80	299.56	
497386.87	5421447.80	304.52	
497387.44	5421472.40	306.42	
497387.77	5421485.80	307.14	
497387.83	5421488.30	307.28	
497387.97	5421493.80	307.41	
497390.63	5421497.90	307.54	
497390.42	5421487.20	307.16	
497389.72	5421448.80	304.54	
497389.24	5421420.30	301.48	
497388.77	5421387.60	296.24	
497389.80	5421396.10	297.48	
497392.01	5421492.70	307.38	
497394.25	5421475.20	306.59	
497393.61	5421441.90	304.23	
497392.58	5421377.30	294.97	
497393.26	5421372.40	294.50	
497393.58	5421386.50	296.12	
497393.70	5421392.10	296.95	
497395.97	5421488.90	307.35	
497397.79	5421452.10	304.97	
497397.51	5421438.10	304.03	
497396.79	5421394.20	297.28	
497396.69	5421388.20	296.41	
497397.32	5421379.80	295.42	
497397.47	5421385.70	296.00	
497398.94	5421450.20	304.79	
497401.33	5421434.40	303.75	
497401.29	5421431.60	303.34	
497401.24	5421428.70	302.90	
497400.69	5421396.40	297.72	
497400.41	5421381.20	295.58	
497400.30	5421375.10	294.94	
497400.12	5421366.10	293.90	
497400.86	5421367.90	294.09	
497401.34	5421387.70	296.52	
497402.11	5421421.70	301.90	
497406.60	5421499.50	307.64	
497405.49	5421450.50	304.88	
497405.19	5421436.50	303.93	
497404.92	5421422.20	301.93	
497406.34	5421440.80	304.42	
497406.80	5421457.20	305.52	
497407.18	5421470.70	306.44	
497407.26	5421473.50	306.55	
497410.40	5421498.90	307.68	
497409.26	5421449.90	304.90	
497409.19	5421447.10	304.82	
497408.74	5421386.80	296.58	
497408.95	5421395.30	297.82	
497409.02	5421398.20	298.31	
497410.16	5421443.20	304.53	
497410.62	5421459.50	305.73	
497411.66	5421494.40	307.47	
497413.75	5421482.40	307.08	
497413.35	5421466.00	306.20	
497413.22	5421460.60	305.84	
497412.15	5421412.40	300.58	
497411.60	5421385.40	296.48	
497411.94	5421369.80	294.45	
497412.82	5421403.60	299.28	
497414.02	5421448.40	304.93	
497414.58	5421467.40	306.39	
497414.75	5421472.80	306.59	
497417.02	5421463.00	305.99	
497416.61	5421446.40	304.93	
497415.00	5421372.90	294.89	
497415.59	5421369.80	294.42	
497415.75	5421375.40	295.09	
497417.41	5421437.30	304.14	
497418.74	5421480.70	307.03	
497418.99	5421488.80	307.40	
497421.69	5421498.20	307.65	
497420.04	5421435.00	303.86	
497419.71	5421420.60	301.92	
497419.59	5421414.90	301.04	
497419.52	5421411.80	300.54	
497419.20	5421397.10	298.22	
497419.39	5421375.50	295.20	
497419.86	5421392.40	297.56	
497420.17	5421403.60	299.24	
497420.49	5421415.10	300.99	
497422.31	5421475.40	306.75	
497422.74	5421488.80	307.38	
497423.40	5421420.70	301.88	
497423.20	5421411.80	300.50	
497422.93	5421400.00	298.59	
497422.36	5421375.90	295.23	
497423.51	5421392.50	297.61	
497424.54	5421429.10	303.18	
497428.53	5421476.40	306.87	
497428.38	5421470.90	306.67	
497428.15	5421462.70	306.08	
497427.86	5421451.70	305.09	
497427.78	5421448.90	305.11	
497427.33	5421432.00	303.55	
497427.05	5421420.50	301.90	
497426.84	5421411.60	300.56	
497426.63	5421402.90	299.12	
497426.34	5421390.90	297.38	
497427.14	5421392.50	297.55	
497427.96	5421420.70	301.87	
497428.20	5421429.10	303.11	
497428.37	5421434.60	303.80	
497429.53	5421470.10	306.47	
497430.35	5421494.10	307.57	
497432.48	5421484.30	307.19	
497432.40	5421481.70	307.10	
497431.85	5421462.60	306.02	
497431.78	5421459.80	305.70	
497430.35	5421405.60	299.63	
497430.13	5421396.60	298.25	
497430.06	5421393.70	297.80	
497429.68	5421378.60	295.71	
497432.96	5421461.90	305.93	
497433.79	5421486.10	307.34	
497436.56	5421494.80	307.60	
497435.92	5421473.20	306.70	
497435.60	5421462.20	305.97	
497433.68	5421390.30	297.33	
497433.45	5421381.30	296.01	
497434.14	5421381.10	296.14	
497434.24	5421384.00	296.47	
497434.66	5421397.90	298.55	
497435.53	5421426.00	302.66	
497437.96	5421496.50	307.58	
497440.43	5421497.00	307.67	
497440.10	5421486.20	307.19	
497437.24	5421383.70	296.47	
497438.73	5421408.80	300.21	
497442.80	5421449.90	305.19	
497442.39	5421435.90	304.00	
497442.32	5421433.20	303.56	
497442.00	5421421.60	302.08	
497441.29	5421395.00	298.14	
497441.59	5421380.30	295.93	
497443.77	5421447.00	305.10	
497444.45	5421466.00	306.34	
497444.93	5421479.40	307.05	
497445.23	5421487.40	307.42	
497446.11	5421432.20	303.58	
497446.09	5421401.70	299.20	
497449.36	5421494.70	307.72	
497451.97	5421497.10	307.82	
497451.71	5421489.10	307.47	
497450.52	5421450.80	305.24	
497450.34	5421445.30	305.06	
497449.92	5421431.10	303.46	
497448.78	5421389.90	297.49	
497449.97	5421403.50	299.59	
497450.25	5421412.10	300.84	
497450.34	5421414.80	301.31	
497450.71	5421425.90	302.75	
497451.27	5421442.50	304.87	
497452.08	5421464.20	306.12	
497452.18	5421467.00	306.33	
497452.88	5421485.70	307.28	
497453.28	5421496.30	307.74	
497454.37	5421452.50	305.42	
497454.10	5421444.00	304.98	
497453.35	5421418.30	301.77	
497454.56	5421427.60	303.06	
497455.04	5421441.50	304.66	
497455.35	5421449.70	305.23	
497456.24	5421473.90	306.81	
497459.36	5421489.50	307.48	
497458.58	5421465.10	306.18	
497457.96	5421445.90	305.11	
497457.53	5421431.60	303.54	
497457.37	5421426.00	302.76	
497457.19	5421420.00	302.10	
497456.86	5421408.40	300.43	
497456.79	5421405.50	299.91	
497456.27	5421387.50	297.29	
497457.47	5421401.70	299.44	
497457.66	5421407.30	300.26	
497461.39	5421433.50	303.75	
497461.22	5421427.70	303.05	
497460.80	5421413.10	301.08	
497464.63	5421493.40	307.74	
497466.98	5421487.70	307.43	
497465.55	5421443.80	304.96	
497464.35	5421403.30	299.68	
497463.92	5421388.40	297.44	
497464.86	5421394.30	298.34	
497467.44	5421465.90	306.28	
497471.22	5421497.40	307.91	
497470.77	5421484.00	307.35	
497469.51	5421445.60	305.20	
497469.42	5421442.60	304.83	
497467.87	5421390.20	297.70	
497469.21	5421407.20	300.22	
497469.50	5421415.60	301.43	
497469.60	5421418.40	301.78	
497470.19	5421435.00	304.01	
497470.39	5421440.50	304.61	
497472.04	5421483.70	307.33	
497474.48	5421477.20	307.06	
497472.01	5421397.90	298.83	
497471.74	5421388.70	297.51	
497472.52	5421389.30	297.65	
497473.50	5421417.20	301.58	
497474.09	5421433.90	303.89	
497475.22	5421463.80	306.18	
497475.63	5421474.50	306.90	
497475.74	5421477.20	306.98	
497478.86	5421489.40	307.59	
497478.05	5421465.00	306.20	
497477.77	5421456.70	305.71	
497477.40	5421445.60	305.20	
497477.32	5421442.90	304.86	
497476.88	5421428.60	303.17	
497480.50	5421497.50	308.04	
497482.07	5421466.50	306.44	
497480.72	5421424.20	302.72	
497481.05	5421406.30	300.10	
497481.44	5421417.60	301.80	
497481.85	5421428.70	303.16	
497483.50	5421472.20	306.83	
497483.60	5421474.80	306.99	
497483.81	5421480.10	307.26	
497484.12	5421488.20	307.82	
497487.00	5421494.90	307.92	
497486.00	5421465.20	306.42	
497485.63	5421454.10	305.82	
497485.54	5421451.30	305.70	
497484.30	5421411.30	300.91	
497483.41	5421381.40	296.47	
497484.17	5421382.90	296.73	
497485.65	5421424.70	302.86	
497486.57	5421449.50	305.50	
497486.67	5421452.20	305.76	
497486.98	5421460.30	306.24	
497491.10	5421499.10	307.79	
497487.56	5421389.20	297.64	
497487.47	5421386.20	297.16	
497488.74	5421401.40	299.55	
497489.23	5421415.50	301.75	
497489.94	5421434.80	304.04	
497491.09	5421464.80	306.52	
497492.16	5421491.40	307.54	
497494.81	5421492.80	307.59	
497494.16	5421473.80	306.74	
497493.68	5421460.00	306.21	
497492.94	5421437.70	304.54	
497492.32	5421417.70	302.04	
497494.23	5421444.70	305.03	
497495.83	5421485.00	307.29	
497496.67	5421430.90	303.81	
497495.68	5421398.80	299.27	
497497.81	5421435.40	304.24	
497498.88	5421462.60	306.30	
497502.06	5421474.10	306.77	
497501.68	5421463.10	306.17	
497501.02	5421443.80	304.86	
497500.93	5421440.90	304.61	
497500.46	5421426.80	303.32	
497500.28	5421421.00	302.51	
497500.26	5421395.30	298.83	
497501.38	5421426.00	303.16	
497502.02	5421442.50	304.69	
497502.33	5421450.50	305.36	
497506.53	5421489.10	307.40	
497505.00	5421445.20	304.92	
497503.51	5421398.90	299.18	
497503.72	5421383.10	296.83	
497505.05	5421419.20	302.20	
497505.90	5421441.20	304.50	
497506.33	5421452.00	305.42	
497506.88	5421465.50	306.17	
497507.43	5421479.10	306.92	
497507.64	5421484.30	307.25	
497507.97	5421492.30	307.61	
497510.16	5421479.40	306.91	
497509.38	5421457.50	305.67	
497509.09	5421449.20	305.14	
497509.00	5421446.50	304.97	
497508.81	5421441.00	304.53	
497507.58	5421403.30	299.89	
497508.31	5421401.00	299.67	
497510.80	5421464.20	306.08	
497511.35	5421477.60	306.83	
497511.68	5421485.60	307.27	
497513.90	5421472.50	306.34	
497513.50	5421461.50	305.90	
497513.11	5421450.50	305.06	
497512.52	5421433.60	303.78	
497511.47	5421401.70	299.59	
497511.90	5421391.20	297.98	
497512.21	5421399.70	299.44	
497518.85	5421498.20	307.84	
497516.38	5421429.20	303.21	
497515.30	5421397.00	298.93	
497514.91	5421384.90	297.01	
497519.04	5421469.50	306.30	
497519.38	5421477.40	306.69	
497519.49	5421480.30	306.95	
497522.94	5421499.20	307.91	
497522.54	5421488.40	307.24	
497521.54	5421461.20	305.67	
497520.12	5421421.70	302.21	
497519.22	5421395.20	298.68	
497519.95	5421393.70	298.40	
497522.77	5421462.40	305.73	
497524.04	5421492.00	307.47	
497526.30	5421481.20	306.91	
497525.59	5421462.20	305.62	
497523.63	5421408.10	300.52	
497523.22	5421396.20	298.81	
497523.03	5421390.30	297.77	
497522.81	5421384.10	296.86	
497523.75	5421389.20	297.60	
497523.96	5421394.70	298.58	
497524.64	5421411.50	300.93	
497525.10	5421422.70	302.19	
497526.38	5421452.70	304.95	
497526.84	5421463.50	305.78	
497530.82	5421493.00	307.45	
497530.20	5421476.70	306.34	
497529.98	5421471.20	306.23	
497529.77	5421465.70	305.92	
497529.26	5421452.00	304.79	
497527.36	5421400.20	299.32	
497527.05	5421391.30	297.85	
497528.23	5421401.30	299.53	
497528.80	5421415.20	301.42	
497529.28	5421426.40	302.61	
497530.22	5421448.10	304.51	
497531.30	5421472.60	306.25	
497533.45	5421455.40	305.00	
497532.59	5421433.00	303.19	
497531.62	5421407.10	300.28	
497531.50	5421403.90	300.00	
497531.71	5421388.30	297.50	
497538.43	5421478.40	306.36	
497536.56	5421431.10	302.87	
497536.00	5421416.70	301.39	
497535.67	5421408.00	300.34	
497536.70	5421411.50	300.91	
497538.55	5421452.80	304.76	
497540.39	5421426.10	302.28	
497540.16	5421420.50	301.79	
497541.89	5421437.30	303.32	
497542.26	5421445.40	304.09	
497543.65	5421475.20	306.26	
497547.07	5421490.80	307.23	
497546.63	5421480.00	306.47	
497546.51	5421477.20	306.41	
497546.28	5421471.80	306.05	
497544.80	5421413.30	300.98	
497545.19	5421421.60	301.84	
497546.59	5421451.70	304.58	
497546.72	5421454.50	304.87	
497548.02	5421481.50	306.58	
497550.61	5421478.00	306.38	
497549.90	5421461.40	305.23	
497547.54	5421404.40	299.78	
497547.31	5421398.60	298.87	
497547.58	5421386.00	296.97	
497549.10	5421419.50	301.73	
497555.17	5421489.40	307.13	
497554.82	5421481.30	306.61	
497554.58	5421475.80	306.28	
497551.93	5421413.90	301.04	
497552.63	5421409.30	300.49	
497554.62	5421450.60	304.51	
497555.55	5421469.50	305.97	
497555.82	5421474.90	306.30	
497555.95	5421477.50	306.40	
497556.63	5421491.10	307.25	
497559.50	5421495.60	307.46	
497556.94	5421437.60	303.19	
497555.71	5421408.90	300.44	
497555.58	5421406.00	299.96	
497555.99	5421395.80	298.47	
497556.13	5421398.70	298.87	
497558.01	5421437.50	303.13	
497559.91	5421475.60	306.32	
497563.49	5421493.50	307.40	
497562.50	5421471.80	305.98	
497562.26	5421466.20	305.55	
497562.01	5421460.60	305.06	
497559.37	5421400.60	299.11	
497559.51	5421385.50	296.83	
497560.32	5421402.40	299.36	
497561.26	5421421.80	301.76	
497561.83	5421432.80	302.66	
497562.78	5421452.00	304.66	
497563.21	5421460.20	305.12	
497564.87	5421492.50	307.37	
497565.14	5421497.80	307.67	
497565.48	5421447.50	304.17	
497562.92	5421389.50	297.31	
497562.39	5421377.50	296.01	
497564.39	5421403.20	299.48	
497564.80	5421411.60	300.65	
497565.22	5421419.80	301.51	
497567.33	5421461.00	305.18	
497568.18	5421477.30	306.41	
497568.88	5421490.70	307.18	
497569.30	5421498.60	307.72	
497570.99	5421478.70	306.38	
497569.71	5421451.10	304.45	
497568.28	5421419.90	301.46	
497569.31	5421420.80	301.55	
497570.44	5421442.70	303.67	
497571.74	5421467.30	305.62	
497572.59	5421483.50	306.73	
497572.74	5421486.20	306.82	
497575.91	5421495.70	307.57	
497575.27	5421482.20	306.60	
497574.09	5421457.50	304.97	
497573.83	5421451.90	304.48	
497572.11	5421414.90	300.94	
497571.98	5421412.10	300.51	
497571.85	5421409.20	300.19	
497570.79	5421385.40	296.80	
497570.64	5421382.20	296.49	
497572.29	5421399.40	298.68	
497574.30	5421438.20	303.17	
497574.87	5421449.20	304.30	
497575.02	5421452.00	304.55	
497577.34	5421495.20	307.50	
497577.70	5421447.40	304.06	
497574.71	5421383.20	296.65	
497576.52	5421403.10	299.24	
497579.30	5421455.80	304.83	
497583.82	5421489.50	306.97	
497580.70	5421425.50	302.00	
497580.44	5421419.90	301.38	
497579.44	5421381.80	296.39	
497580.91	5421410.00	300.19	
497584.01	5421467.70	305.79	
497584.46	5421475.70	306.33	
497585.81	5421499.90	307.69	
497588.22	5421495.80	307.59	
497586.32	5421457.70	305.09	
497585.09	5421432.30	302.59	
497584.40	5421418.00	301.14	
497583.02	5421388.40	297.09	
497584.42	5421399.70	298.56	
497585.90	5421427.50	302.15	
497586.96	5421447.00	304.06	
497588.31	5421471.50	306.03	
497592.08	5421491.50	307.13	
497590.98	5421469.80	305.95	
497590.43	5421458.80	305.17	
497590.15	5421453.20	304.76	
497589.60	5421442.00	303.58	
497589.33	5421436.40	302.92	
497587.93	5421407.40	299.65	
497587.65	5421401.40	298.73	
497587.23	5421392.60	297.55	
497587.00	5421373.30	295.92	
497587.45	5421381.30	296.47	
497589.56	5421420.60	301.40	
497590.16	5421431.70	302.59	
497593.20	5421486.20	306.91	
497593.96	5421499.60	307.78	
497595.80	5421484.60	306.89	
497593.15	5421431.80	302.55	
497592.17	5421411.70	300.25	
497591.47	5421396.70	297.96	
497591.03	5421387.70	296.97	
497590.43	5421376.00	296.06	
497592.92	5421407.80	299.65	
497593.83	5421424.60	301.79	
497593.98	5421427.40	302.08	
497595.05	5421446.70	304.01	
497595.20	5421449.50	304.31	
497596.12	5421465.80	305.59	
497599.25	5421472.00	306.00	
497598.41	5421455.60	304.84	
497596.28	5421412.70	300.40	
497595.07	5421373.10	295.90	
497601.83	5421494.00	307.30	
497601.98	5421496.70	307.61	
497601.85	5421442.90	303.53	
497599.35	5421377.20	296.27	
497601.05	5421407.90	299.56	
497601.97	5421424.70	301.71	
497604.13	5421463.20	305.44	
497604.44	5421468.60	305.76	
497606.00	5421495.50	307.37	
497606.14	5421498.20	307.72	
497608.57	5421494.10	307.32	
497607.86	5421480.40	306.50	
497606.31	5421450.00	304.09	
497605.31	5421430.20	302.21	
497604.73	5421418.80	301.01	
497604.02	5421404.00	298.89	
497605.39	5421412.50	300.08	
497607.09	5421443.00	303.44	
497608.33	5421409.00	299.46	
497607.29	5421388.10	296.97	
497609.85	5421419.90	301.03	
497611.26	5421444.80	303.53	
497611.57	5421450.40	304.11	
497614.22	5421496.40	307.50	
497614.61	5421453.60	304.39	
497613.60	5421433.90	302.46	
497611.86	5421398.80	297.98	
497610.81	5421378.30	296.25	
497610.64	5421375.20	296.18	
497615.23	5421443.90	303.38	
497615.40	5421446.70	303.62	
497615.56	5421449.50	303.91	
497617.73	5421487.40	307.02	
497620.15	5421482.90	306.66	
497618.16	5421444.20	303.31	
497617.44	5421430.00	301.84	
497616.13	5421403.80	298.50	
497616.41	5421392.90	297.34	
497616.73	5421398.60	297.91	
497617.35	5421409.70	299.23	
497618.12	5421423.80	301.20	
497618.27	5421426.50	301.57	
497618.90	5421437.70	302.80	
497620.15	5421459.70	304.94	
497621.26	5421426.30	301.37	
497620.82	5421417.50	300.32	
497620.54	5421411.80	299.41	
497619.18	5421385.20	296.79	
497619.56	5421378.50	296.36	
497621.93	5421420.20	300.61	
497622.71	5421434.20	302.28	
497624.57	5421467.00	305.54	
497628.50	5421489.60	307.19	
497627.93	5421478.70	306.31	
497626.49	5421451.00	304.06	
497625.62	5421434.00	302.25	
497625.04	5421422.60	300.91	
497627.10	5421441.80	303.10	
497632.85	5421496.80	307.70	
497631.28	5421467.00	305.53	
497630.85	5421458.70	304.78	
497630.56	5421453.10	304.17	
497629.40	5421430.40	301.71	
497628.96	5421421.70	300.73	
497628.35	5421393.80	297.35	
497628.99	5421405.00	298.49	
497629.61	5421416.20	299.97	
497631.34	5421446.70	303.47	
497633.53	5421484.70	306.87	
497634.63	5421455.20	304.42	
497634.33	5421429.50	301.78	
497636.70	5421470.80	305.82	
497637.16	5421478.70	306.49	
497640.05	5421482.20	306.69	
497639.91	5421479.50	306.44	
497639.04	5421463.00	305.20	
497638.89	5421460.20	304.93	
497638.60	5421454.50	304.29	
497638.17	5421446.20	303.39	
497637.45	5421432.00	301.87	
497637.16	5421426.40	301.28	
497636.72	5421417.60	300.07	
497635.67	5421397.00	297.63	
497635.35	5421391.00	297.19	
497635.04	5421385.30	296.82	
497635.61	5421382.10	296.60	
497638.00	5421423.70	300.94	
497640.04	5421459.50	304.89	
497644.36	5421487.00	307.12	
497644.21	5421484.30	306.92	
497639.69	5421396.40	297.51	
497641.25	5421409.20	298.89	
497641.40	5421411.90	299.27	
497643.13	5421442.60	303.11	
497644.70	5421469.80	305.87	
497645.49	5421483.30	306.86	
497645.66	5421486.00	306.96	
497646.46	5421450.40	303.80	
497644.07	5421388.90	297.01	
497650.05	5421493.10	307.65	
497650.17	5421446.20	303.48	
497649.45	5421432.00	301.82	
497647.02	5421385.10	296.81	
497648.40	5421395.80	297.51	
497650.60	5421434.70	302.17	
497652.80	5421473.20	306.21	
497653.59	5421486.60	307.15	
497656.86	5421499.80	308.25	
497656.42	5421491.60	307.66	
497655.12	5421466.90	305.63	
497652.52	5421415.80	299.59	
497651.29	5421392.30	297.30	
497653.76	5421422.20	300.48	
497657.19	5421482.40	306.94	
497657.66	5421490.50	307.55	
497659.30	5421473.50	306.27	
497659.01	5421467.90	305.78	
497658.59	5421459.50	304.80	
497658.45	5421456.80	304.47	
497655.20	5421393.30	297.34	
497656.72	5421406.40	298.49	
497657.20	5421414.80	299.53	
497657.81	5421425.90	300.91	
497659.68	5421459.00	304.84	
497664.45	5421498.90	308.41	
497663.60	5421482.60	307.11	
497662.61	5421463.40	305.34	
497661.46	5421440.90	302.78	
497661.33	5421438.10	302.36	
497661.17	5421435.10	302.08	
497660.89	5421429.50	301.32	
497659.25	5421397.20	297.65	
497659.10	5421394.30	297.41	
497658.47	5421382.50	296.65	
497658.31	5421379.60	296.58	
497660.94	5421413.00	299.22	
497668.20	5421497.30	308.39	
497666.65	5421467.30	305.82	
497664.51	5421424.70	300.69	
497663.49	5421404.40	298.27	
497665.79	5421431.00	301.53	
497666.25	5421439.30	302.56	
497667.17	5421455.90	304.61	
497667.33	5421458.70	304.89	
497670.94	5421476.70	306.94	
497667.88	5421399.00	297.75	
497668.51	5421410.20	298.86	
497668.66	5421413.00	299.16	
497668.81	5421415.70	299.45	
497670.94	5421454.50	304.42	
497670.48	5421389.30	297.14	
497670.34	5421386.50	296.95	
497671.57	5421394.90	297.58	
