513450.04	5402682.00	292.91	
513450.21	5402674.60	293.08	
513450.51	5402662.60	292.71	
513451.74	5402682.20	293.54	
513451.67	5402688.50	292.85	
513451.63	5402696.60	292.75	
513451.68	5402697.50	292.76	
513451.73	5402697.40	292.76	
513454.05	5402665.10	293.27	
513453.67	5402695.60	292.74	
513453.67	5402696.00	292.78	
513453.70	5402697.00	292.76	
513453.72	5402697.70	292.73	
513453.73	5402697.70	292.69	
513453.74	5402697.90	292.73	
513453.76	5402697.90	292.76	
513453.78	5402697.90	292.76	
513455.93	5402673.10	295.55	
513455.90	5402676.20	295.38	
513455.81	5402698.20	292.85	
513456.26	5402678.30	295.23	
513456.43	5402670.70	295.57	
513456.62	5402663.20	294.97	
513458.28	5402654.70	294.88	
513458.05	5402670.30	295.52	
513457.81	5402692.10	293.82	
513458.07	5402691.70	293.73	
513458.13	5402688.80	294.06	
513458.57	5402668.10	295.60	
513458.77	5402660.50	295.00	
513460.32	5402658.00	294.55	
513460.11	5402670.60	295.59	
513459.92	5402698.70	293.10	
513459.94	5402698.80	293.12	
513459.98	5402698.60	293.05	
513460.01	5402697.60	293.18	
513460.05	5402695.90	293.31	
513460.11	5402693.40	293.58	
513460.13	5402692.00	293.76	
513462.49	5402650.50	294.93	
513462.37	5402660.10	294.58	
513462.22	5402671.10	294.63	
513461.93	5402697.20	293.25	
513461.95	5402697.90	293.15	
513462.07	5402698.60	293.18	
513462.81	5402665.80	294.73	
513462.96	5402659.50	294.53	
513464.04	5402698.50	293.26	
513464.07	5402699.20	293.14	
513464.75	5402672.10	294.77	
513466.41	5402671.70	294.16	
513466.35	5402674.90	294.65	
513466.11	5402698.00	293.20	
513466.13	5402698.60	293.17	
513466.14	5402699.00	293.21	
513466.15	5402699.20	293.16	
513466.18	5402699.60	293.19	
513467.28	5402653.90	294.80	
513467.35	5402650.80	295.01	
513468.40	5402678.30	294.37	
513468.21	5402698.90	293.40	
513468.33	5402699.50	293.36	
513469.06	5402668.20	294.46	
513469.16	5402663.60	294.58	
513470.70	5402664.50	294.53	
513470.68	5402666.10	294.47	
513470.33	5402699.80	293.83	
513470.36	5402700.20	293.78	
513470.38	5402700.30	293.78	
513470.86	5402682.00	293.96	
513470.96	5402677.70	294.04	
513472.89	5402656.80	295.15	
513472.68	5402674.20	294.22	
513472.60	5402680.50	294.00	
513472.58	5402682.10	293.91	
513472.78	5402689.40	294.27	
513473.00	5402680.80	293.97	
513473.44	5402661.00	294.70	
513475.22	5402652.70	289.97	
513474.85	5402669.80	294.39	
513474.65	5402685.60	293.87	
513475.27	5402673.60	294.29	
513477.02	5402663.70	294.66	
513476.91	5402673.20	294.30	
513476.83	5402679.60	294.07	
513476.77	5402684.30	293.94	
513476.60	5402697.10	293.88	
513476.65	5402701.00	293.99	
513476.66	5402701.00	293.90	
513476.67	5402701.10	293.92	
513478.99	5402673.60	294.27	
513478.94	5402678.30	294.13	
513478.79	5402689.40	293.82	
513478.71	5402696.50	293.58	
513478.70	5402699.90	293.69	
513478.73	5402700.90	293.69	
513478.76	5402701.30	293.71	
513478.80	5402701.40	293.68	
513478.85	5402700.30	293.64	
513479.12	5402688.80	293.84	
513481.50	5402658.50	287.04	
513481.01	5402678.60	294.17	
513480.87	5402701.80	293.42	
513481.04	5402696.30	293.67	
513481.07	5402694.90	293.65	
513481.14	5402692.00	293.79	
513481.44	5402679.00	294.10	
513483.70	5402650.90	286.93	
513483.63	5402655.70	287.03	
513483.45	5402668.30	287.48	
513483.03	5402685.30	293.99	
513482.92	5402694.70	293.61	
513482.89	5402697.10	293.60	
513482.88	5402700.10	293.55	
513483.20	5402693.80	293.79	
513483.27	5402690.80	293.81	
513484.23	5402658.20	287.20	
513484.38	5402651.90	286.98	
513485.62	5402662.30	287.38	
513485.55	5402667.20	287.52	
513485.44	5402675.10	287.91	
513485.26	5402695.50	293.70	
513485.29	5402694.00	293.76	
513485.32	5402692.70	293.82	
513486.41	5402653.80	287.47	
513487.83	5402653.20	287.34	
513487.81	5402654.80	287.48	
513487.53	5402675.50	287.88	
513487.23	5402684.40	294.08	
513487.41	5402693.00	293.81	
513489.52	5402682.10	288.15	
513489.17	5402697.00	293.75	
513490.00	5402679.30	288.07	
513490.55	5402656.00	287.26	
513491.75	5402673.00	287.94	
513491.53	5402688.90	288.73	
513491.89	5402688.50	288.48	
513492.41	5402665.90	288.14	
513492.57	5402659.50	287.33	
513492.65	5402656.30	287.19	
513494.10	5402654.30	287.07	
513493.88	5402693.20	288.79	
513493.99	5402688.80	288.59	
513494.09	5402684.50	288.43	
513494.12	5402683.00	288.47	
513496.16	5402657.90	287.25	
513496.01	5402669.00	287.94	
513495.78	5402686.50	288.64	
513495.76	5402688.10	288.68	
513495.74	5402689.70	288.72	
513495.72	5402691.30	288.76	
513496.10	5402689.20	288.76	
513496.95	5402652.50	287.00	
513498.28	5402656.80	287.28	
513498.54	5402674.80	288.26	
513498.65	5402670.10	287.98	
513498.72	5402667.00	287.85	
513500.36	5402658.80	287.39	
513500.15	5402674.70	288.27	
513500.13	5402676.30	288.30	
513500.01	5402684.20	289.32	
513499.99	5402687.50	288.85	
513499.83	5402704.50	289.46	
513499.85	5402705.00	289.48	
513499.92	5402705.80	289.51	
513500.24	5402693.00	289.12	
513502.35	5402651.00	294.67	
513502.29	5402673.70	288.19	
513502.05	5402692.60	289.08	
513501.95	5402704.70	289.45	
513502.03	5402706.20	289.55	
513502.42	5402690.50	289.38	
513504.48	5402651.50	294.56	
513504.45	5402654.60	294.59	
513504.39	5402677.20	288.33	
513504.07	5402703.50	289.59	
513504.07	5402704.50	289.65	
513504.08	5402704.90	289.67	
513504.10	5402705.40	289.65	
513504.12	5402706.00	289.61	
513504.14	5402706.40	289.63	
513504.16	5402706.70	289.68	
513504.64	5402688.10	288.94	
513504.71	5402685.10	288.78	
513504.84	5402679.20	288.50	
513505.15	5402655.40	294.50	
513506.58	5402655.10	294.48	
513506.53	5402659.80	294.40	
513506.46	5402666.10	294.33	
513506.50	5402679.20	288.47	
513506.22	5402705.40	289.79	
513506.26	5402706.40	289.72	
513506.46	5402702.80	289.65	
513506.78	5402688.50	289.02	
513507.08	5402675.00	288.23	
513508.72	5402655.50	294.44	
513508.66	5402679.70	288.44	
513508.60	5402684.50	288.74	
513508.39	5402701.50	289.94	
513508.37	5402703.60	289.98	
513508.37	5402704.30	289.96	
513508.46	5402707.50	289.87	
513508.56	5402705.50	289.79	
513508.63	5402701.90	290.00	
513509.13	5402680.00	288.52	
513509.51	5402651.50	294.96	
513510.78	5402663.90	294.29	
513510.70	5402673.30	294.08	
513510.78	5402681.70	288.62	
513510.57	5402699.20	289.64	
513510.53	5402703.00	289.92	
513510.59	5402707.90	290.33	
513510.85	5402699.50	289.62	
513511.54	5402658.30	294.36	
513511.56	5402656.70	294.83	
513511.58	5402653.50	296.19	
513512.73	5402707.90	290.22	
513512.76	5402708.20	290.28	
513512.92	5402704.10	289.83	
513515.09	5402650.50	298.18	
513515.07	5402663.10	295.16	
513514.84	5402704.90	289.89	
513514.85	5402707.40	290.06	
513514.89	5402708.30	290.09	
513514.90	5402708.60	290.04	
513515.69	5402666.90	294.17	
513515.74	5402657.30	298.43	
513517.23	5402652.50	297.79	
513517.03	5402701.90	289.71	
513517.00	5402706.70	289.95	
513517.01	5402707.50	289.96	
513517.01	5402708.00	290.07	
513517.03	5402708.40	290.04	
513517.21	5402706.20	290.01	
513517.33	5402700.80	289.71	
513517.77	5402670.40	294.36	
513518.06	5402650.10	297.59	
513519.40	5402651.40	297.59	
513519.33	5402657.60	297.90	
513519.30	5402670.30	295.33	
513519.17	5402703.70	289.87	
513519.16	5402707.10	289.92	
513519.19	5402708.80	290.03	
513519.22	5402709.50	290.11	
513519.26	5402709.70	290.10	
513519.27	5402709.70	290.15	
513520.12	5402655.10	297.59	
513520.17	5402652.00	297.64	
513521.42	5402678.80	294.00	
513521.34	5402702.90	290.03	
513521.58	5402704.50	290.07	
513521.52	5402701.20	293.66	
513523.62	5402658.60	297.61	
513523.54	5402710.50	290.22	
513524.01	5402680.90	295.17	
513524.30	5402660.70	297.61	
513525.58	5402710.20	293.48	
513525.66	5402710.60	293.47	
513526.20	5402675.00	297.64	
513527.69	5402709.20	293.34	
513527.70	5402709.70	293.29	
513528.09	5402696.60	293.45	
513528.28	5402678.40	297.84	
513529.94	5402673.80	297.59	
513529.91	5402711.30	293.27	
513529.93	5402711.40	293.21	
513529.99	5402710.60	293.25	
513530.04	5402708.20	293.30	
513530.17	5402690.60	299.18	
513530.27	5402684.70	299.33	
513530.43	5402678.70	297.56	
513530.51	5402674.20	297.57	
513532.01	5402682.10	297.59	
513531.87	5402696.10	298.80	
513531.96	5402709.20	293.24	
513531.97	5402709.90	293.25	
513532.03	5402711.40	293.08	
513532.25	5402704.50	293.34	
513532.30	5402700.20	294.11	
513532.30	5402698.70	294.88	
513532.24	5402695.30	298.76	
513532.31	5402691.00	299.01	
513534.20	5402673.10	297.89	
513534.07	5402701.70	295.56	
513534.09	5402704.90	294.03	
513534.10	5402709.00	293.32	
513534.23	5402712.20	293.19	
513534.37	5402701.90	295.34	
513534.35	5402697.20	298.69	
513534.79	5402673.30	298.05	
513536.31	5402678.20	297.50	
513536.25	5402686.00	297.74	
513536.17	5402695.40	298.27	
513536.19	5402702.10	295.90	
513536.21	5402710.30	294.36	
513536.46	5402706.60	294.54	
513536.62	5402690.40	298.33	
513536.88	5402676.80	297.50	
513538.30	5402697.50	298.39	
513538.29	5402700.70	297.85	
513538.43	5402712.20	293.44	
513538.44	5402712.50	293.36	
513538.46	5402712.80	294.20	
513538.47	5402712.90	294.09	
513538.54	5402711.60	293.95	
513538.60	5402700.90	297.91	
513538.73	5402693.70	298.04	
513538.91	5402683.30	297.87	
513538.95	5402681.80	297.51	
513539.13	5402671.00	297.55	
513540.43	5402709.80	296.24	
513540.53	5402712.90	295.61	
513540.61	5402712.20	295.81	
513540.61	5402711.60	296.09	
513540.86	5402694.00	298.05	
513541.03	5402685.20	297.62	
513541.29	5402669.90	297.66	
513542.64	5402688.90	297.64	
513542.55	5402712.20	297.17	
513542.68	5402712.50	297.00	
513542.68	5402711.90	297.33	
513542.93	5402697.30	297.58	
513543.06	5402690.00	297.54	
513543.16	5402684.10	297.58	
513544.76	5402682.90	297.61	
513544.74	5402686.10	297.58	
513544.59	5402710.50	297.40	
513544.59	5402711.40	297.57	
513544.63	5402712.70	297.43	
513544.67	5402713.40	297.59	
513544.70	5402713.50	297.57	
513545.02	5402697.80	297.40	
513546.78	5402692.80	297.37	
513546.71	5402703.90	297.15	
513546.71	5402712.90	296.94	
513546.75	5402713.90	297.21	
513546.85	5402712.70	296.94	
513546.93	5402708.20	297.04	
513547.26	5402687.90	297.60	
513547.41	5402678.70	297.65	
513547.62	5402664.70	298.25	
513549.02	5402663.40	298.31	
513548.81	5402699.60	297.14	
513548.78	5402704.40	297.10	
513548.82	5402714.20	296.81	
513548.94	5402712.20	296.90	
513549.14	5402700.00	297.15	
513551.03	5402674.70	297.89	
513550.96	5402684.20	297.71	
513550.87	5402700.00	297.12	
513550.83	5402713.50	296.83	
513550.89	5402714.70	296.79	
513550.98	5402713.50	296.81	
513550.99	5402712.70	296.91	
513551.35	5402690.10	297.81	
513551.51	5402681.00	297.75	
513553.01	5402684.60	297.71	
513552.94	5402697.30	296.99	
513552.92	5402700.40	297.22	
513552.90	5402703.60	297.10	
513552.88	5402706.70	296.89	
513552.92	5402714.90	296.77	
513553.15	5402706.60	296.90	
513555.20	5402663.00	298.05	
513555.19	5402664.50	298.05	
513555.15	5402670.80	298.07	
513554.96	5402700.80	297.26	
513554.93	5402705.60	297.02	
513554.91	5402713.80	296.73	
513554.91	5402714.00	296.80	
513555.20	5402706.90	296.98	
513555.47	5402689.30	297.87	
513555.49	5402687.80	297.85	
513555.70	5402675.50	297.98	
513557.20	5402669.60	298.22	
513557.13	5402680.60	297.86	
513557.06	5402690.00	297.95	
513557.04	5402715.80	296.70	
513557.10	5402715.60	296.67	
513557.27	5402705.70	297.13	
513557.34	5402701.30	297.28	
513557.52	5402689.50	297.92	
513557.85	5402669.50	298.27	
513557.87	5402668.00	298.32	
513559.11	5402691.90	298.02	
513559.03	5402714.70	296.82	
513559.11	5402716.20	296.88	
513559.13	5402716.20	296.79	
513559.32	5402706.00	297.20	
513559.39	5402701.70	297.34	
513559.47	5402697.30	297.48	
513559.48	5402695.80	297.76	
513559.55	5402691.30	297.92	
513559.60	5402688.30	297.94	
513559.88	5402671.40	298.31	
513561.15	5402693.70	297.96	
513561.11	5402703.30	297.17	
513561.06	5402710.70	297.03	
513561.20	5402716.10	296.82	
513561.50	5402699.10	297.03	
513561.71	5402685.50	297.93	
513561.73	5402684.00	297.91	
513563.45	5402657.90	298.16	
513563.26	5402684.50	298.02	
513563.25	5402685.90	298.05	
513563.20	5402693.80	297.83	
513563.13	5402706.70	296.97	
513563.09	5402714.50	297.12	
513563.09	5402714.70	297.14	
513563.10	5402715.20	297.09	
513563.14	5402716.00	297.04	
513563.18	5402716.50	296.92	
513563.22	5402716.50	296.95	
513563.45	5402705.00	296.82	
513564.19	5402659.40	297.88	
513565.38	5402673.60	297.74	
513565.27	5402687.70	298.08	
513565.24	5402690.80	298.16	
513565.18	5402705.30	296.71	
513565.16	5402708.40	296.74	
513565.15	5402715.60	297.06	
513565.21	5402716.60	296.99	
513565.22	5402716.70	297.04	
513567.18	5402713.80	296.82	
513567.25	5402716.60	297.05	
513567.37	5402714.60	296.87	
513567.47	5402709.60	296.63	
513567.50	5402708.10	296.54	
513567.55	5402705.20	296.49	
513567.68	5402698.00	296.44	
513569.54	5402662.80	298.91	
513569.49	5402673.80	298.13	
513569.47	5402680.20	297.25	
513569.43	5402684.80	297.34	
513569.40	5402688.00	297.57	
513569.27	5402708.60	296.56	
513569.25	5402712.30	296.67	
513569.25	5402714.80	296.71	
513571.58	5402666.00	299.00	
513571.47	5402686.50	297.43	
513571.36	5402716.60	296.60	
513571.39	5402716.90	296.64	
513571.46	5402716.20	296.61	
513572.00	5402684.50	297.35	
513572.02	5402683.00	297.45	
513572.15	5402675.20	297.77	
513573.71	5402661.40	297.83	
513573.54	5402686.40	297.24	
513573.40	5402716.00	296.61	
513573.42	5402716.40	296.61	
513573.55	5402714.70	296.55	
513574.51	5402658.10	297.78	
513575.71	5402664.30	299.35	
513575.49	5402716.30	296.44	
513575.56	5402716.90	296.42	
513575.58	5402716.50	296.37	
513576.58	5402658.00	297.65	
513576.68	5402651.60	297.99	
513578.49	5402665.60	298.08	
513579.96	5402653.30	297.73	
513579.90	5402656.30	299.01	
513583.87	5402670.10	299.07	
513584.50	5402669.70	299.31	
513585.96	5402657.40	300.03	
513585.72	5402715.80	296.91	
513586.57	5402669.50	298.37	
513586.73	5402657.00	299.99	
513588.64	5402666.10	298.80	
513589.74	5402714.20	297.05	
513589.76	5402714.60	296.88	
513590.69	5402667.50	297.78	
513590.66	5402664.10	300.55	
513592.10	5402667.70	297.68	
513591.79	5402712.90	296.95	
513591.84	5402714.60	296.86	
513591.86	5402715.00	296.86	
513591.98	5402712.90	296.99	
513592.75	5402662.30	300.55	
513592.78	5402660.80	300.51	
513593.85	5402713.40	296.84	
513593.90	5402714.70	296.83	
513594.77	5402663.60	300.49	
513594.88	5402657.50	300.44	
513597.95	5402714.20	297.33	
513598.03	5402714.20	297.36	
513600.22	5402657.30	300.38	
513600.85	5402662.90	300.42	
513601.96	5402712.70	297.22	
513601.96	5402712.80	297.22	
513602.18	5402708.00	297.63	
513602.21	5402706.50	297.67	
513602.86	5402664.20	300.47	
513604.22	5402664.70	300.41	
513604.01	5402712.50	297.22	
513606.28	5402661.30	300.64	
513606.03	5402711.30	297.23	
513608.39	5402653.40	300.81	
513608.25	5402673.70	300.43	
513608.32	5402708.70	296.86	
513608.96	5402665.20	300.59	
513609.10	5402657.40	300.43	
513610.46	5402650.10	300.65	
513610.41	5402657.90	300.40	
513610.38	5402660.90	300.73	
513610.74	5402681.80	300.44	
513610.97	5402667.90	300.61	
513611.08	5402661.70	300.67	
513612.52	5402654.40	300.28	
513612.41	5402666.90	300.65	
513613.18	5402659.80	300.69	
513613.29	5402653.70	300.64	
513614.56	5402657.20	300.52	
513614.52	5402661.90	300.67	
513614.50	5402665.00	300.65	
513614.92	5402679.60	300.38	
513614.95	5402678.00	300.35	
513615.17	5402664.10	300.62	
513616.57	5402661.60	300.73	
513617.11	5402669.90	300.59	
513618.66	5402654.90	300.14	
513618.62	5402661.20	300.20	
513618.61	5402662.80	300.18	
513619.17	5402667.90	300.59	
513619.26	5402663.30	300.18	
513619.42	5402654.10	300.17	
513621.24	5402665.90	300.21	
513622.66	5402663.30	300.16	
513623.30	5402663.90	300.14	
513623.37	5402659.40	299.94	
513624.77	5402650.50	299.93	
513624.70	5402659.80	300.31	
513626.69	5402663.80	300.24	
513626.68	5402665.40	300.29	
513627.26	5402667.50	300.25	
513628.70	5402663.50	300.09	
513628.66	5402672.80	299.92	
513628.64	5402674.40	299.99	
513629.25	5402668.50	299.95	
513629.39	5402659.30	299.85	
513630.73	5402659.80	299.85	
513630.61	5402683.20	299.66	
513631.36	5402661.80	299.86	
513632.78	5402651.50	300.06	
513632.65	5402678.10	299.85	
513632.61	5402688.90	299.47	
513633.03	5402685.70	299.60	
513633.22	5402672.10	299.82	
513633.40	5402659.70	299.93	
513634.67	5402679.00	299.75	
513635.23	5402671.60	300.02	
513635.34	5402663.80	299.89	
513635.39	5402660.80	299.90	
513635.51	5402651.50	300.24	
513636.80	5402650.60	300.31	
513636.71	5402672.40	299.78	
513636.71	5402673.90	299.77	
513636.66	5402684.80	299.66	
513636.63	5402689.50	299.67	
513637.13	5402682.00	299.87	
513636.84	5402670.90	299.92	
513636.44	5402659.30	300.19	
513636.50	5402670.90	299.97	
513637.59	5402787.40	295.84	
513636.93	5402761.10	297.24	
513634.34	5402660.90	300.14	
513634.28	5402660.00	300.14	
513634.27	5402659.90	300.19	
513634.24	5402659.50	300.17	
513634.14	5402659.50	300.14	
513635.21	5402734.80	296.95	
513635.95	5402782.90	297.08	
513636.00	5402787.50	295.85	
513635.00	5402773.80	296.77	
513634.93	5402770.70	296.86	
513634.89	5402769.20	296.80	
513634.69	5402761.40	297.16	
513632.48	5402673.10	300.05	
513632.09	5402660.30	300.11	
513632.06	5402659.90	300.13	
513632.01	5402664.40	300.12	
513633.35	5402758.50	297.01	
513633.48	5402767.80	296.85	
513634.24	5402817.40	298.07	
513630.26	5402672.00	300.15	
513631.20	5402763.60	297.12	
513631.30	5402771.30	296.69	
513631.32	5402772.90	296.63	
513631.70	5402819.30	298.04	
513631.52	5402812.20	298.05	
513630.92	5402790.10	295.92	
513630.88	5402788.50	296.04	
513630.62	5402777.80	296.66	
513629.23	5402784.30	296.41	
513629.68	5402815.40	296.86	
513628.31	5402775.30	296.38	
513625.48	5402668.80	300.38	
513626.80	5402769.40	296.50	
513626.93	5402778.80	296.18	
513627.07	5402789.70	295.95	
513625.87	5402766.70	296.77	
513625.72	5402760.40	296.91	
513623.43	5402664.30	300.36	
513624.18	5402790.50	296.21	
513624.06	5402785.90	296.04	
513621.14	5402663.90	300.40	
513622.29	5402768.00	296.71	
513622.50	5402785.00	295.90	
513621.82	5402786.90	295.89	
513618.88	5402664.20	300.68	
513618.79	5402663.50	300.43	
513618.78	5402663.50	300.38	
513620.04	5402767.40	296.67	
513620.14	5402776.80	295.77	
513620.25	5402784.50	295.81	
513620.31	5402789.10	295.78	
513620.36	5402792.30	296.19	
513619.44	5402781.60	295.70	
513619.29	5402775.50	295.77	
513619.06	5402764.70	296.81	
513616.77	5402667.10	300.77	
513616.66	5402665.20	300.76	
513616.64	5402665.00	300.78	
513616.56	5402664.50	300.80	
513617.98	5402780.90	295.64	
513617.34	5402787.30	295.49	
513617.05	5402775.00	295.75	
513616.77	5402762.60	296.90	
513616.70	5402759.50	296.88	
513614.42	5402674.90	300.49	
513614.46	5402677.90	300.51	
513615.56	5402764.90	296.76	
513615.76	5402782.00	295.46	
513615.81	5402785.10	295.55	
513615.91	5402792.80	295.56	
513615.14	5402788.30	295.42	
513614.99	5402782.30	295.38	
513614.92	5402779.10	295.46	
513614.39	5402756.00	296.90	
513612.43	5402671.70	300.77	
513612.20	5402666.90	300.81	
513612.16	5402666.80	300.79	
513612.23	5402676.20	300.58	
513613.27	5402758.30	296.87	
513613.52	5402778.40	295.32	
513612.86	5402784.90	295.37	
513612.82	5402783.30	295.34	
513611.12	5402712.20	297.00	
513609.97	5402667.90	300.85	
513610.83	5402740.70	296.89	
513611.03	5402754.80	296.83	
513611.14	5402762.60	296.92	
513610.75	5402789.30	295.15	
513610.71	5402787.70	295.18	
513610.60	5402783.10	295.19	
513610.56	5402781.50	295.18	
513610.48	5402778.40	295.31	
513610.32	5402769.10	298.20	
513607.76	5402669.20	300.54	
513608.52	5402734.30	296.88	
513609.06	5402770.00	298.42	
513609.18	5402784.10	295.04	
513607.62	5402751.80	297.02	
513606.45	5402703.80	297.81	
513606.44	5402744.80	296.92	
513606.53	5402751.00	296.98	
513606.61	5402757.20	296.89	
513606.93	5402782.20	294.93	
513606.45	5402796.40	294.90	
513606.22	5402787.10	294.85	
513605.02	5402737.70	296.76	
513604.22	5402705.20	297.74	
513603.91	5402724.40	297.06	
513604.72	5402783.50	294.78	
513604.86	5402792.90	294.86	
513604.90	5402796.10	294.59	
513604.92	5402821.60	297.36	
513604.06	5402790.00	294.71	
513603.01	5402746.60	297.05	
513602.81	5402738.80	296.93	
513601.68	5402724.00	296.56	
513602.08	5402750.60	296.88	
513602.39	5402773.80	294.87	
513602.64	5402791.00	294.58	
513603.26	5402828.40	297.31	
513602.84	5402825.80	297.33	
513601.85	5402789.70	294.51	
513600.76	5402744.80	297.01	
513599.89	5402710.70	297.35	
513599.49	5402725.20	296.43	
513599.70	5402737.80	297.02	
513599.72	5402739.30	297.11	
513600.02	5402756.40	298.58	
513600.29	5402779.80	294.84	
513600.49	5402819.60	297.41	
513600.46	5402818.20	297.35	
513600.41	5402816.60	297.32	
513600.38	5402815.10	297.40	
513599.52	5402784.50	294.47	
513599.34	5402773.70	298.95	
513599.02	5402761.30	298.87	
513597.26	5402723.40	296.78	
513597.46	5402735.80	296.99	
513597.58	5402743.50	297.14	
513598.13	5402782.40	294.57	
513598.61	5402808.70	297.42	
513598.89	5402827.50	297.02	
513598.52	5402827.90	297.11	
513597.08	5402771.50	298.86	
513596.58	5402753.00	298.07	
513595.76	5402722.10	297.26	
513595.05	5402721.20	297.24	
513595.20	5402730.40	297.15	
513595.49	5402747.60	297.79	
513595.59	5402753.80	298.15	
513595.78	5402764.60	298.87	
513595.85	5402769.20	299.03	
513596.15	5402819.90	297.28	
513596.12	5402818.50	297.33	
513595.52	5402798.90	293.92	
513594.82	5402767.70	298.97	
513594.30	5402749.20	297.88	
513593.59	5402722.90	297.23	
513594.24	5402805.70	297.25	
513594.43	5402823.40	293.00	
513594.46	5402825.00	293.07	
513593.29	5402796.50	293.93	
513592.66	5402768.40	299.01	
513592.58	5402765.30	298.92	
513592.50	5402762.30	299.03	
513591.31	5402718.90	297.19	
513591.29	5402755.20	298.15	
513591.69	5402784.80	294.17	
513591.76	5402789.60	293.84	
513591.89	5402797.20	293.85	
513592.19	5402816.20	293.14	
513592.42	5402830.40	293.00	
513592.05	5402830.70	293.03	
513591.93	5402826.20	293.12	
513590.95	5402789.40	293.81	
513590.48	5402767.50	299.05	
513589.61	5402736.60	297.11	
513589.49	5402732.00	297.30	
513589.06	5402751.20	297.79	
513589.15	5402755.80	298.10	
513589.20	5402758.90	298.42	
513589.37	5402768.30	298.94	
513589.55	5402785.40	294.08	
513589.67	5402793.20	293.71	
513589.97	5402812.00	292.95	
513590.24	5402827.80	293.02	
513590.27	5402829.50	292.85	
513589.68	5402822.30	292.98	
513589.07	5402799.20	293.60	
513588.22	5402763.50	298.78	
513587.69	5402744.80	297.37	
513586.84	5402713.90	296.96	
513586.91	5402750.20	297.61	
513587.23	5402767.20	298.97	
513587.67	5402800.00	293.50	
513588.14	5402828.40	292.81	
513587.41	5402816.70	292.98	
513586.88	5402796.70	293.58	
513586.45	5402777.90	297.34	
513585.97	5402759.30	298.33	
513585.70	5402750.00	297.54	
513584.32	5402724.40	296.97	
513584.81	5402752.20	297.69	
513584.96	5402760.00	298.42	
513585.46	5402795.90	293.34	
513585.83	5402817.80	292.98	
513585.94	5402824.10	292.77	
513585.96	5402825.70	292.81	
513585.49	5402824.80	292.71	
513584.88	5402801.80	293.26	
513584.71	5402795.50	293.33	
513584.67	5402794.00	293.32	
513583.66	5402753.50	297.70	
513583.62	5402752.00	297.73	
513582.74	5402721.00	296.55	
513583.53	5402807.20	293.04	
513583.58	5402810.40	292.94	
513583.79	5402823.00	292.73	
513583.25	5402820.70	292.72	
513583.17	5402817.60	292.79	
513583.09	5402814.60	292.75	
513582.96	5402809.90	292.90	
513582.09	5402774.00	298.01	
513581.76	5402761.60	298.07	
513581.10	5402738.40	297.04	
513581.01	5402735.30	297.01	
513580.72	5402724.50	296.89	
513580.54	5402718.20	296.76	
513580.17	5402731.30	297.03	
513580.22	5402734.40	296.90	
513580.90	5402773.10	297.71	
513581.06	5402787.30	293.80	
513581.08	5402788.80	293.64	
513581.35	5402830.10	292.44	
513581.27	5402827.10	292.58	
513581.07	5402819.50	292.77	
513580.81	5402810.20	292.65	
513580.57	5402800.90	293.07	
513580.17	5402785.30	294.49	
513580.11	5402782.10	295.45	
513579.93	5402774.30	297.13	
513579.86	5402771.30	297.58	
513579.69	5402765.10	297.57	
513578.62	5402726.50	296.86	
513578.01	5402730.10	296.92	
513578.06	5402733.30	296.95	
513578.20	5402741.00	297.24	
513578.47	5402757.90	296.60	
513578.72	5402772.00	297.00	
513578.85	5402781.30	295.66	
513579.11	5402800.10	293.14	
513579.29	5402811.10	292.69	
513579.40	5402817.30	292.80	
513579.59	5402828.50	292.51	
513579.04	5402824.50	292.55	
513578.34	5402798.10	292.99	
513578.10	5402788.80	293.63	
513576.26	5402718.90	296.53	
513575.62	5402716.50	296.44	
513575.70	5402721.20	296.75	
513575.81	5402727.30	296.85	
513575.84	5402728.90	296.85	
513575.89	5402732.00	296.92	
513576.07	5402741.30	297.84	
513576.29	5402756.70	296.26	
513576.35	5402759.90	296.34	
513576.45	5402766.00	296.59	
513576.67	5402780.00	295.76	
513577.11	5402809.80	292.80	
513577.21	5402816.00	292.73	
513577.26	5402819.20	292.54	
513576.59	5402813.90	292.79	
513576.01	5402792.10	293.17	
513575.94	5402789.00	293.66	
513575.91	5402787.40	294.21	
513575.77	5402781.10	295.64	
513574.33	5402726.90	296.78	
513573.90	5402711.20	296.39	
513573.65	5402726.00	296.84	
513574.23	5402761.60	296.15	
513574.78	5402799.10	292.75	
513574.91	5402806.90	292.82	
513574.57	5402818.70	292.54	
513574.44	5402814.10	292.51	
513574.28	5402807.80	292.87	
513574.24	5402806.30	292.83	
513574.11	5402801.60	292.70	
513573.99	5402796.90	292.86	
513573.70	5402784.40	295.19	
513573.67	5402782.80	295.50	
513572.73	5402747.20	296.22	
513572.29	5402730.20	296.97	
513572.20	5402727.00	296.85	
513571.04	5402683.50	297.59	
513571.23	5402709.30	296.58	
513571.28	5402712.30	296.64	
513571.62	5402732.30	297.06	
513571.86	5402747.90	296.25	
513572.68	5402802.40	292.62	
513572.74	5402805.50	292.77	
513572.34	5402815.80	292.48	
513572.05	5402804.80	292.68	
513570.57	5402745.70	296.33	
513570.34	5402736.50	296.92	
513570.13	5402728.70	296.97	
513570.05	5402725.60	296.87	
513568.90	5402682.70	297.52	
513568.73	5402683.00	297.47	
513568.79	5402686.50	297.87	
513569.39	5402724.80	296.89	
513569.59	5402737.00	296.83	
513570.14	5402771.30	296.73	
513570.19	5402774.30	296.59	
513570.54	5402801.00	292.73	
513570.56	5402802.50	292.67	
513570.58	5402804.00	292.60	
513570.71	5402812.00	292.53	
513569.38	5402783.10	293.73	
513569.07	5402769.00	296.69	
513568.38	5402742.70	296.65	
513566.90	5402685.00	298.13	
513566.77	5402682.10	298.11	
513566.72	5402681.50	297.87	
513566.70	5402681.30	297.63	
513566.70	5402686.50	298.20	
513566.95	5402705.00	296.63	
513567.27	5402724.80	296.90	
513567.49	5402738.60	296.71	
513568.18	5402786.80	293.43	
513568.29	5402794.80	292.59	
513568.72	5402821.40	292.66	
513568.74	5402822.90	292.75	
513568.23	5402822.00	292.66	
513567.95	5402811.30	292.65	
513567.55	5402795.60	292.65	
513567.32	5402786.30	293.25	
513566.80	5402762.90	296.71	
513566.00	5402731.90	296.92	
513565.84	5402725.70	296.88	
513565.57	5402714.80	297.11	
513565.24	5402702.20	296.75	
513564.99	5402691.40	298.14	
513564.76	5402683.40	298.07	
513564.62	5402681.40	298.20	
513564.61	5402685.30	298.14	
513564.62	5402686.50	298.05	
513565.37	5402737.20	296.66	
513565.45	5402741.80	296.87	
513565.49	5402744.90	296.57	
513566.58	5402820.00	292.72	
513565.80	5402809.60	292.96	
513565.28	5402789.40	292.52	
513563.95	5402733.40	296.73	
513563.91	5402731.80	296.72	
513563.80	5402727.20	297.03	
513563.64	5402721.00	296.88	
513563.13	5402700.70	296.88	
513562.69	5402683.20	298.09	
513562.58	5402681.60	298.02	
513562.53	5402685.20	298.03	
513562.59	5402689.30	298.03	
513562.74	5402700.70	296.95	
513562.81	5402705.00	297.11	
513562.95	5402714.10	297.16	
513562.97	5402715.60	297.11	
513563.22	5402732.60	296.75	
513563.49	5402751.20	296.36	
513564.14	5402799.40	292.59	
513564.25	5402805.70	293.36	
513564.36	5402813.60	292.72	
513564.48	5402821.40	292.74	
513563.95	5402820.50	292.74	
513563.60	5402806.50	292.65	
513563.13	5402787.80	292.56	
513562.87	5402776.90	293.29	
513562.83	5402775.30	293.27	
513562.30	5402750.50	296.99	
513562.20	5402747.30	296.42	
513561.79	5402730.30	296.85	
513560.64	5402683.60	297.92	
513560.58	5402682.40	297.93	
513560.54	5402681.80	297.97	
513560.53	5402689.30	298.02	
513560.98	5402721.80	296.87	
513561.49	5402760.50	294.23	
513561.59	5402768.10	293.57	
513562.15	5402807.30	292.64	
513562.24	5402813.60	292.75	
513562.29	5402816.70	292.81	
513562.49	5402830.90	292.77	
513562.08	5402831.00	292.80	
513561.33	5402800.20	292.85	
513561.22	5402795.60	293.12	
513560.50	5402765.90	293.46	
513559.92	5402739.50	296.76	
513559.62	5402727.20	296.75	
513559.06	5402703.80	297.16	
513558.55	5402683.20	297.85	
513558.54	5402682.90	297.86	
513558.38	5402681.00	297.93	
513559.09	5402735.50	296.73	
513559.15	5402740.30	296.65	
513559.34	5402757.30	293.84	
513559.44	5402765.00	293.54	
513559.56	5402774.40	292.79	
513559.88	5402828.00	292.69	
513559.52	5402812.60	292.76	
513558.96	5402789.30	292.80	
513558.92	5402787.80	292.72	
513558.23	5402758.00	293.65	
513558.10	5402751.80	294.49	
513557.94	5402742.60	297.19	
513557.85	5402739.50	296.63	
513557.71	5402733.20	296.75	
513557.60	5402728.60	296.69	
513557.56	5402727.10	296.67	
513557.01	5402703.70	297.13	
513556.81	5402694.40	298.10	
513556.70	5402689.70	297.88	
513556.54	5402683.60	297.85	
513556.46	5402682.20	297.79	
513556.46	5402682.10	297.86	
513556.44	5402681.80	297.90	
513556.33	5402681.00	297.81	
513556.33	5402681.70	297.80	
513556.33	5402682.20	297.86	
513556.56	5402700.60	297.30	
513556.64	5402706.50	297.13	
513556.66	5402708.00	297.02	
513556.69	5402711.00	296.87	
513556.90	5402726.30	296.60	
513557.05	5402737.10	296.68	
513557.30	5402760.40	293.35	
513557.32	5402761.90	293.28	
513557.38	5402766.60	293.01	
513557.85	5402831.00	292.64	
513557.05	5402797.20	292.63	
513557.01	5402795.60	292.59	
513556.16	5402758.10	293.40	
513556.12	5402756.40	293.41	
513555.98	5402750.30	293.75	
513555.50	5402727.10	296.69	
513555.39	5402722.30	296.73	
513555.32	5402719.30	296.73	
513554.63	5402688.20	297.78	
513554.60	5402687.00	297.85	
513554.57	5402685.90	297.74	
513554.42	5402682.00	297.78	
513554.36	5402681.20	297.79	
513554.37	5402687.90	297.87	
513554.72	5402717.10	296.80	
513554.74	5402718.60	296.76	
513555.02	5402740.20	296.38	
513555.70	5402797.90	292.69	
513556.05	5402824.60	292.71	
513554.45	5402775.30	292.72	
513554.04	5402756.50	293.19	
513553.06	5402709.90	296.88	
513552.59	5402688.30	297.78	
513552.35	5402681.50	297.79	
513552.33	5402681.30	297.73	
513552.28	5402681.10	297.79	
513552.43	5402697.80	297.16	
513552.52	5402705.10	296.98	
513552.61	5402712.60	296.85	
513553.29	5402773.00	292.82	
513553.38	5402780.80	292.62	
513553.48	5402788.60	292.65	
513553.97	5402827.90	292.58	
513553.43	5402823.50	292.59	
513553.29	5402817.40	292.62	
513552.81	5402795.70	292.74	
513552.43	5402778.40	292.68	
513552.33	5402773.80	292.88	
513551.38	5402727.20	296.86	
513551.31	5402724.00	296.78	
513551.07	5402713.10	296.83	
513551.04	5402711.50	296.92	
513550.97	5402708.40	296.96	
513550.23	5402681.80	297.75	
513550.23	5402682.30	297.74	
513550.46	5402703.70	297.02	
513550.61	5402717.20	296.84	
513551.30	5402782.40	292.53	
513551.34	5402785.60	292.59	
513551.44	5402793.40	292.68	
513551.58	5402805.80	292.66	
513551.75	5402820.00	292.70	
513551.12	5402814.30	292.61	
513550.95	5402806.60	292.67	
513550.55	5402787.80	292.69	
513549.59	5402742.60	293.40	
513549.56	5402741.00	293.61	
513549.47	5402736.30	294.06	
513549.42	5402733.30	294.66	
513549.17	5402719.40	297.00	
513549.14	5402717.80	296.86	
513548.38	5402682.80	297.75	
513548.29	5402681.50	297.76	
513548.22	5402681.20	297.75	
513548.21	5402681.40	297.77	
513548.28	5402689.40	297.59	
513548.31	5402692.20	297.42	
513548.43	5402703.70	297.14	
513548.65	5402723.50	296.83	
513549.07	5402768.40	292.44	
513549.14	5402774.70	292.52	
513549.36	5402793.40	292.93	
513549.38	5402795.00	293.13	
513549.43	5402799.70	292.69	
513549.60	5402815.30	292.63	
513549.37	5402831.10	292.56	
513548.99	5402812.80	292.57	
513548.89	5402808.10	292.65	
513548.37	5402783.10	292.60	
513547.73	5402752.00	292.78	
513547.20	5402722.50	296.87	
513546.60	5402692.90	297.39	
513546.39	5402683.30	297.63	
513546.34	5402682.30	297.63	
513546.22	5402681.20	297.65	
513546.21	5402681.40	297.63	
513546.21	5402682.40	297.64	
513546.24	5402686.70	297.55	
513546.33	5402695.10	297.37	
513546.43	5402705.30	297.14	
513546.46	5402708.30	297.06	
513546.49	5402711.20	297.00	
513546.59	5402720.50	297.24	
513546.62	5402722.10	297.82	
513546.62	5402731.00	293.13	
513546.81	5402749.70	292.84	
513547.48	5402812.30	292.63	
513547.56	5402820.10	292.61	
513547.62	5402826.40	292.52	
513547.21	5402828.10	292.70	
513546.71	5402803.50	292.62	
513545.89	5402762.80	292.19	
513545.31	5402733.20	293.06	
513545.17	5402725.50	293.38	
513545.06	5402716.30	297.30	
513544.81	5402703.90	297.14	
513544.66	5402696.00	297.46	
513544.57	5402691.40	297.45	
513544.46	5402686.00	297.54	
513544.44	5402685.00	297.57	
513544.25	5402681.20	297.75	
513544.24	5402681.20	297.68	
513544.52	5402715.90	296.70	
513544.74	5402745.10	292.90	
513544.96	5402768.60	292.32	
513545.41	5402812.30	292.61	
513545.48	5402820.20	292.54	
513544.80	5402811.30	292.55	
513544.09	5402775.40	292.49	
513544.00	5402770.80	292.42	
513543.91	5402766.00	292.33	
513543.47	5402742.60	292.92	
513542.96	5402711.70	297.36	
513542.75	5402700.80	297.35	
513542.45	5402685.00	297.64	
513542.43	5402684.30	297.64	
513542.37	5402682.70	297.67	
513542.26	5402688.10	297.71	
513542.86	5402763.80	292.22	
513543.09	5402787.30	292.59	
513543.27	5402807.60	292.57	
513543.43	5402823.50	292.73	
513542.92	5402822.00	292.81	
513542.80	5402815.90	292.52	
513542.42	5402795.70	292.60	
513542.21	5402784.70	292.60	
513541.92	5402769.10	292.35	
513541.61	5402753.50	291.92	
513541.49	5402745.70	293.01	
513540.94	5402716.00	293.29	
513540.45	5402685.00	297.91	
513540.30	5402681.60	297.69	
513540.24	5402681.10	297.62	
513540.22	5402682.40	297.64	
513540.43	5402718.60	293.42	
513540.56	5402734.20	292.96	
513541.40	5402831.20	292.81	
513539.61	5402756.50	292.07	
513538.76	5402705.10	295.97	
513538.58	5402692.80	298.21	
513538.49	5402688.20	297.80	
513538.32	5402698.00	298.37	
513538.33	5402699.50	298.51	
513538.35	5402715.50	293.24	
513538.44	5402727.80	292.97	
513538.81	5402774.50	292.39	
513538.85	5402779.30	292.40	
513538.95	5402791.80	292.70	
513539.07	5402807.50	292.45	
513539.17	5402818.50	292.81	
513539.20	5402823.10	292.76	
513538.80	5402827.90	292.81	
513538.44	5402808.00	292.52	
513538.14	5402790.70	292.66	
513538.02	5402784.40	292.45	
513537.73	5402767.30	293.02	
513537.61	5402761.00	292.34	
513536.88	5402718.90	293.09	
513536.72	5402709.50	293.28	
513536.59	5402700.10	294.80	
513536.21	5402681.00	297.91	
513536.19	5402680.90	297.98	
513536.18	5402680.90	297.95	
513536.16	5402681.00	298.03	
513536.17	5402686.40	297.76	
513536.18	5402687.90	297.92	
513536.24	5402702.00	295.91	
513536.54	5402752.60	292.00	
513536.64	5402763.60	292.66	
513536.70	5402772.90	292.39	
513536.72	5402776.00	292.38	
513536.76	5402780.70	292.43	
513536.79	5402785.40	292.37	
513536.99	5402812.00	292.72	
513537.10	5402826.20	292.82	
513536.62	5402824.70	292.82	
513536.21	5402801.50	292.57	
513536.19	5402800.00	292.62	
513536.11	5402795.30	292.61	
513536.05	5402792.20	292.60	
513536.00	5402789.00	292.81	
513534.84	5402720.20	293.12	
513534.81	5402718.70	293.13	
513534.31	5402684.40	297.63	
513534.26	5402682.60	297.60	
513534.22	5402716.70	293.12	
513534.30	5402727.50	293.18	
513534.48	5402755.60	292.81	
513534.52	5402763.40	292.20	
513534.57	5402769.60	292.31	
513534.59	5402772.80	292.24	
513534.67	5402783.70	292.56	
513534.70	5402788.40	292.58	
513534.78	5402799.30	292.57	
513534.59	5402830.40	292.95	
513533.84	5402785.70	292.70	
513533.76	5402781.00	292.50	
513533.41	5402760.70	292.13	
513533.02	5402737.30	291.38	
513532.89	5402729.30	291.36	
513532.67	5402713.80	293.09	
513532.54	5402706.00	293.26	
513532.52	5402704.40	293.27	
513532.49	5402702.80	293.38	
513532.47	5402701.20	293.76	
513532.33	5402686.50	298.67	
513532.23	5402682.70	297.83	
513532.13	5402681.00	297.52	
513532.08	5402680.50	297.46	
513532.07	5402701.40	293.46	
513532.20	5402728.80	291.08	
513532.40	5402755.50	292.75	
513532.40	5402756.90	292.25	
513532.76	5402811.70	292.71	
513532.81	5402819.60	292.86	
513532.37	5402824.30	292.94	
513531.50	5402771.50	292.20	
513531.48	5402769.90	292.14	
513530.81	5402729.10	291.13	
513530.45	5402704.00	293.30	
513530.27	5402685.20	299.36	
513530.13	5402681.50	297.78	
513530.14	5402681.40	299.18	
513530.11	5402681.00	299.35	
513530.06	5402680.50	297.88	
513530.01	5402701.10	293.33	
513530.32	5402758.30	291.96	
513530.33	5402759.90	291.99	
513530.36	5402764.60	292.17	
513530.40	5402770.80	292.18	
513530.45	5402777.00	292.94	
513530.50	5402786.50	292.54	
513530.57	5402799.00	292.68	
513530.71	5402822.50	292.88	
513530.73	5402825.70	292.93	
513530.76	5402830.40	292.94	
513530.33	5402828.60	292.92	
513529.84	5402797.80	292.69	
513529.74	5402791.60	292.50	
513529.40	5402769.70	292.12	
513529.25	5402760.30	292.05	
513529.15	5402754.10	291.85	
513528.93	5402739.90	291.55	
513528.67	5402724.20	290.90	
513528.60	5402719.40	290.85	
513528.51	5402710.20	293.32	
513528.29	5402696.00	293.41	
513528.13	5402681.50	299.29	
513528.03	5402680.30	299.21	
513527.99	5402681.60	299.28	
513528.07	5402728.40	291.13	
513528.27	5402762.80	291.95	
513528.31	5402769.10	292.37	
513528.43	5402790.90	292.44	
513528.47	5402797.10	292.74	
513528.57	5402816.00	292.87	
513528.58	5402817.50	292.87	
513528.19	5402826.80	292.90	
513528.14	5402823.80	292.92	
513527.72	5402796.00	292.76	
513527.55	5402785.00	292.57	
513526.70	5402730.20	291.09	
513526.65	5402727.00	291.02	
513526.50	5402717.50	290.55	
513526.23	5402695.80	293.46	
513526.00	5402680.20	298.96	
513525.95	5402680.00	299.00	
513525.88	5402697.80	293.47	
513525.92	5402718.70	290.58	
513526.17	5402762.50	292.10	
513526.30	5402787.60	292.56	
513526.46	5402818.90	292.95	
513526.10	5402829.50	292.83	
513526.03	5402825.00	292.87	
513525.97	5402820.50	292.95	
513525.83	5402811.20	292.82	
513525.57	5402794.10	292.73	
513525.48	5402787.90	292.56	
513525.32	5402776.90	292.55	
513524.99	5402755.00	291.84	
513524.66	5402733.00	291.44	
513524.41	5402717.30	290.52	
513523.82	5402679.20	295.48	
513523.80	5402679.20	295.49	
513523.79	5402693.30	293.55	
513523.91	5402731.00	291.51	
513524.12	5402773.20	292.64	
513524.14	5402778.00	292.54	
513524.19	5402787.30	292.75	
513524.25	5402801.30	292.86	
513524.26	5402802.90	292.83	
513524.31	5402813.90	292.84	
513524.37	5402829.70	292.86	
513523.43	5402792.30	292.82	
513522.83	5402751.60	291.66	
513522.67	5402740.60	291.41	
513522.60	5402736.00	291.26	
513522.46	5402726.50	291.01	
513522.39	5402721.80	290.81	
513522.15	5402706.00	289.97	
513521.68	5402678.90	293.87	
513521.72	5402698.80	293.54	
513521.67	5402702.90	289.93	
513521.67	5402704.40	289.85	
513521.85	5402740.20	291.42	
513521.88	5402746.50	291.49	
513521.97	5402762.10	292.79	
513522.08	5402790.30	292.88	
513522.10	5402794.90	292.83	
513522.22	5402824.80	292.88	
513521.38	5402796.80	292.85	
513521.27	5402789.00	292.76	
513521.09	5402776.50	292.59	
513520.62	5402743.60	291.47	
513520.21	5402715.30	290.44	
513520.16	5402712.10	290.26	
513519.98	5402699.50	289.79	
513519.75	5402680.20	293.80	
513519.66	5402678.80	293.78	
513519.60	5402681.80	293.67	
513519.64	5402695.80	293.73	
513519.65	5402715.00	290.38	
513519.78	5402746.30	291.54	
513519.96	5402788.50	292.85	
513519.99	5402796.30	292.93	
513520.00	5402797.90	292.92	
513520.01	5402801.00	292.91	
513520.06	5402816.80	292.88	
513520.12	5402829.30	293.32	
513519.46	5402812.20	292.87	
513519.44	5402810.70	292.77	
513519.38	5402805.90	292.91	
513519.21	5402793.40	292.94	
513519.18	5402792.00	292.89	
513518.86	5402768.50	292.62	
513518.64	5402751.30	293.12	
513518.32	5402730.80	291.01	
513518.12	5402716.60	290.54	
513517.96	5402705.60	289.90	
513517.70	5402681.50	293.84	
513517.53	5402678.50	293.85	
513517.49	5402707.00	290.00	
513517.52	5402713.20	290.32	
513517.63	5402739.90	291.28	
513517.70	5402750.90	292.96	
513517.78	5402775.80	292.87	
513517.78	5402777.40	292.79	
513517.88	5402807.20	292.86	
513517.90	5402813.40	292.89	
513517.97	5402829.20	293.46	
513517.42	5402819.60	292.89	
513517.19	5402802.70	292.86	
513516.90	5402780.80	293.10	
513516.57	5402755.80	292.77	
513516.35	5402741.70	291.28	
513515.89	5402708.50	290.07	
513515.78	5402700.60	289.67	
513515.64	5402684.20	293.81	
513515.53	5402679.60	293.90	
513515.51	5402679.20	293.86	
513515.45	5402678.40	293.89	
513515.39	5402679.60	293.86	
513515.44	5402722.60	290.65	
513515.45	5402725.60	290.78	
513515.61	5402764.70	292.66	
513515.62	5402769.50	292.54	
513515.64	5402774.10	292.79	
513515.70	5402791.40	292.89	
513515.16	5402810.30	292.86	
513515.13	5402808.70	292.74	
513515.02	5402799.50	292.91	
513514.99	5402797.90	292.88	
513514.98	5402796.30	292.96	
513514.81	5402783.80	292.96	
513514.15	5402735.20	291.07	
513514.13	5402733.70	291.03	
513514.10	5402732.00	290.93	
513513.91	5402717.90	290.47	
513513.89	5402716.40	290.40	
513513.23	5402696.40	289.42	
513513.25	5402699.30	289.65	
513513.38	5402735.00	291.02	
513513.45	5402747.60	292.95	
513513.47	5402755.30	292.81	
513513.58	5402792.90	292.98	
513513.60	5402797.50	292.89	
513513.60	5402799.10	292.87	
513513.07	5402811.80	293.33	
513512.93	5402800.90	292.95	
513512.65	5402779.10	293.00	
513512.52	5402768.10	292.94	
513512.35	5402755.60	292.76	
513512.28	5402749.40	292.82	
513511.75	5402711.60	290.11	
513511.38	5402679.70	293.35	
513511.25	5402678.60	294.29	
513511.14	5402686.10	288.87	
513511.29	5402730.30	290.80	
513511.38	5402746.00	292.86	
513511.39	5402750.70	292.78	
513511.39	5402753.80	292.72	
513511.46	5402775.70	293.11	
513511.59	5402825.80	293.01	
513511.16	5402825.50	293.06	
513511.14	5402824.00	293.11	
513510.75	5402793.20	292.90	
513510.63	5402783.80	292.96	
513510.36	5402761.80	292.87	
513510.34	5402760.30	292.71	
513509.82	5402721.10	290.46	
513509.71	5402713.10	290.18	
513509.67	5402710.00	289.99	
513509.22	5402679.00	288.45	
513509.10	5402677.50	288.41	
513509.17	5402713.10	290.13	
513509.21	5402725.70	290.58	
513509.29	5402741.30	292.98	
513509.32	5402756.90	292.67	
513509.38	5402778.80	293.02	
513509.40	5402786.60	292.95	
513509.45	5402803.80	293.25	
513509.45	5402805.40	293.28	
513508.53	5402782.30	293.03	
513508.33	5402765.10	293.13	
513508.31	5402763.50	293.11	
513508.29	5402762.00	293.10	
513508.15	5402751.00	292.80	
513507.79	5402724.30	290.61	
513507.24	5402682.40	288.57	
513507.01	5402680.90	288.55	
513507.02	5402684.90	288.83	
513507.10	5402713.30	289.99	
513507.22	5402746.20	292.77	
513507.38	5402816.70	293.12	
513506.96	5402825.80	293.08	
513506.92	5402822.80	293.15	
513506.53	5402790.20	292.85	
513506.49	5402787.00	292.85	
513506.34	5402774.60	293.06	
513506.31	5402771.50	293.15	
513506.12	5402755.90	292.96	
513505.58	5402715.00	290.01	
513505.11	5402679.90	288.55	
513505.08	5402679.20	288.48	
513505.07	5402679.00	288.48	
513504.94	5402685.00	288.86	
513504.95	5402688.00	288.93	
513505.02	5402715.00	290.04	
513505.20	5402776.10	292.97	
513505.22	5402788.60	292.83	
513505.31	5402831.00	293.04	
513504.92	5402830.40	293.09	
513504.50	5402795.00	293.15	
513504.23	5402771.70	293.25	
513504.01	5402752.90	293.08	
513503.91	5402745.10	292.72	
513503.80	5402735.80	292.94	
513503.73	5402729.50	293.08	
513503.64	5402721.70	293.22	
513502.93	5402678.10	288.47	
513502.92	5402678.00	288.42	
513502.87	5402683.80	288.80	
513502.94	5402712.10	289.85	
513503.08	5402749.80	293.03	
513503.15	5402792.00	293.00	
513503.19	5402812.30	293.18	
513503.22	5402829.70	293.10	
513502.81	5402829.20	293.11	
513502.18	5402776.60	292.93	
513501.94	5402756.20	293.40	
513501.68	5402734.40	292.97	
513501.28	5402705.90	289.54	
513500.95	5402680.70	288.81	
513500.87	5402679.10	288.46	
513500.82	5402678.30	288.53	
513500.77	5402690.00	288.99	
513500.91	5402731.30	292.98	
513500.92	5402740.70	292.84	
513500.95	5402751.60	293.41	
513500.96	5402754.70	293.38	
513500.96	5402757.90	293.40	
513500.99	5402778.20	293.11	
513501.00	5402786.00	292.84	
513501.04	5402804.80	293.07	
513501.05	5402809.60	293.05	
513500.62	5402825.10	293.07	
513500.56	5402820.50	293.11	
513500.09	5402780.00	292.91	
513500.05	5402777.00	292.94	
513499.61	5402739.40	292.81	
513499.47	5402727.00	293.53	
513499.36	5402717.50	293.21	
513499.14	5402704.70	289.37	
513498.98	5402691.90	288.95	
513498.85	5402681.70	288.99	
513498.76	5402679.50	288.90	
513498.76	5402679.40	288.94	
513498.68	5402678.70	288.95	
513498.76	5402707.00	293.64	
513498.78	5402731.80	292.92	
513498.80	5402741.10	293.12	
513498.88	5402789.60	292.99	
513498.88	5402791.10	293.02	
513498.91	5402811.60	293.10	
513498.93	5402821.00	293.07	
513498.29	5402810.10	293.09	
513497.91	5402777.30	292.92	
513497.73	5402761.70	293.41	
513497.39	5402733.60	292.88	
513497.29	5402724.30	293.05	
513497.25	5402721.10	293.15	
513496.82	5402690.70	288.79	
513496.61	5402679.70	288.44	
513496.61	5402710.50	293.37	
513496.62	5402716.60	293.27	
513496.63	5402726.00	293.01	
513496.68	5402746.30	293.90	
513496.68	5402749.30	293.83	
513496.68	5402754.10	293.46	
513496.70	5402766.50	293.08	
513496.71	5402779.10	292.75	
513496.78	5402816.70	293.15	
513496.79	5402819.90	293.19	
513496.79	5402823.10	293.23	
513496.80	5402829.40	293.21	
513496.23	5402816.80	293.10	
513495.92	5402790.30	292.98	
513495.87	5402785.70	292.92	
513495.64	5402765.30	293.10	
513495.43	5402746.70	293.63	
513495.41	5402745.10	293.65	
513495.39	5402743.50	293.61	
513494.96	5402706.00	293.49	
513494.59	5402683.20	288.41	
513494.57	5402682.00	288.39	
513494.53	5402681.10	288.38	
513494.38	5402687.00	288.59	
513494.39	5402689.80	288.67	
513494.50	5402706.40	293.52	
513494.51	5402717.10	293.18	
513494.52	5402728.00	292.89	
513494.52	5402729.60	292.89	
513494.55	5402737.40	293.55	
513494.56	5402746.80	293.58	
513494.61	5402782.80	292.77	
513494.61	5402785.90	292.93	
513494.16	5402820.30	293.17	
513493.63	5402775.20	292.69	
513493.42	5402756.50	293.31	
513493.37	5402751.80	293.43	
513493.33	5402748.70	293.57	
513493.07	5402726.80	292.89	
513493.01	5402722.10	292.92	
513492.53	5402687.10	288.52	
513492.32	5402680.10	288.26	
513492.26	5402682.40	288.30	
513492.39	5402707.00	293.51	
513492.39	5402710.00	293.40	
513492.40	5402717.70	293.10	
513492.45	5402747.30	293.56	
513492.46	5402750.50	293.52	
513492.47	5402766.10	292.86	
513492.48	5402774.00	292.68	
513492.49	5402781.70	292.75	
513492.56	5402814.70	293.09	
513492.57	5402822.60	293.17	
513492.02	5402817.80	293.15	
513491.48	5402772.60	292.67	
513491.43	5402767.90	292.80	
513491.39	5402764.80	292.88	
513490.93	5402724.20	293.17	
513490.73	5402707.00	293.43	
513490.31	5402682.20	288.21	
513490.30	5402681.90	288.27	
513490.16	5402681.00	288.22	
513490.15	5402682.90	288.26	
513490.15	5402685.20	288.50	
513490.26	5402690.10	293.98	
513490.28	5402709.10	293.39	
513490.29	5402721.30	292.97	
513490.33	5402740.10	293.79	
513490.34	5402746.30	293.57	
513490.35	5402760.30	292.95	
513490.36	5402769.80	292.62	
513490.40	5402790.20	292.87	
513490.01	5402827.50	293.33	
513489.86	5402815.20	293.19	
513489.65	5402798.20	293.05	
513489.43	5402779.50	292.63	
513489.30	5402768.50	292.60	
513489.07	5402748.20	293.32	
513488.88	5402731.10	293.97	
513488.86	5402729.50	294.00	
513488.66	5402713.80	293.19	
513488.38	5402688.90	293.92	
513488.18	5402734.50	293.94	
513488.19	5402743.90	293.54	
513488.19	5402754.70	292.56	
513488.23	5402778.20	292.68	
513488.32	5402820.70	293.19	
513487.83	5402825.10	293.22	
513487.59	5402805.00	293.04	
513487.08	5402762.80	292.55	
513486.54	5402716.00	293.37	
513486.21	5402688.30	293.90	
513486.14	5402684.50	294.00	
513485.97	5402697.10	293.68	
513486.03	5402732.00	294.00	
513486.04	5402739.70	293.47	
513486.04	5402750.70	292.39	
513486.04	5402753.80	292.33	
513486.06	5402761.70	292.49	
513486.07	5402764.80	292.56	
513486.09	5402777.40	292.62	
513486.16	5402810.30	293.10	
513486.17	5402811.90	293.05	
513486.18	5402819.70	293.17	
513486.19	5402824.40	293.20	
513485.75	5402828.80	293.39	
513485.67	5402822.60	293.16	
513485.65	5402821.10	293.18	
513485.54	5402811.80	293.08	
513485.48	5402807.20	292.99	
513485.41	5402801.00	293.01	
513485.31	5402793.10	292.94	
513485.29	5402791.70	292.91	
513485.27	5402790.10	292.86	
513485.21	5402785.30	292.69	
513484.87	5402757.20	292.34	
513483.99	5402685.00	294.05	
513483.85	5402683.30	293.98	
513483.81	5402692.00	293.78	
513483.81	5402693.40	293.73	
513483.91	5402759.10	292.28	
513483.94	5402770.00	292.33	
513484.01	5402799.80	293.05	
513484.01	5402801.40	293.00	
513484.02	5402804.60	293.03	
513484.02	5402806.10	292.97	
513484.03	5402810.80	292.97	
513484.05	5402817.10	293.12	
513483.58	5402826.30	293.23	
513483.31	5402804.70	292.96	
513483.28	5402801.50	292.95	
513483.16	5402792.10	292.96	
513483.08	5402785.90	292.76	
513483.02	5402781.20	292.60	
513483.00	5402779.60	292.62	
513482.79	5402762.40	292.33	
513482.56	5402743.70	292.35	
513481.92	5402690.70	293.81	
513481.82	5402685.40	293.98	
513481.79	5402684.80	293.99	
513481.78	5402684.70	294.02	
513481.71	5402683.90	293.96	
513481.66	5402684.20	294.00	
513481.65	5402685.20	293.97	
513481.72	5402719.30	294.65	
513481.72	5402734.70	292.96	
513481.73	5402744.00	292.35	
513481.73	5402745.60	292.26	
513481.75	5402755.00	292.34	
513481.86	5402797.30	293.06	
513481.93	5402825.70	293.15	
513481.94	5402830.40	293.38	
513481.35	5402820.80	293.16	
513481.21	5402810.00	292.91	
513479.67	5402687.40	293.91	
513479.56	5402685.00	293.99	
513479.52	5402684.70	293.90	
513479.45	5402686.80	293.88	
513479.59	5402765.00	292.38	
513479.62	5402776.00	292.49	
513479.71	5402808.90	293.06	
513479.74	5402816.70	293.12	
513479.75	5402821.50	293.14	
513478.79	5402790.20	292.92	
513478.75	5402787.10	292.78	
513478.70	5402784.00	292.71	
513478.47	5402766.80	292.23	
513478.42	5402762.10	292.29	
513478.36	5402757.40	292.30	
513477.91	5402718.50	295.36	
513477.46	5402687.50	293.78	
513477.38	5402685.80	293.92	
513477.29	5402685.00	293.89	
513477.27	5402685.20	293.84	
513477.26	5402687.30	293.86	
513477.26	5402689.60	293.79	
513477.34	5402715.90	294.87	
513477.35	5402722.00	294.49	
513477.37	5402746.80	292.37	
513477.39	5402751.50	292.25	
513477.46	5402776.60	292.55	
513477.47	5402779.70	292.62	
513477.51	5402792.30	292.99	
513477.52	5402793.80	292.97	
513477.53	5402797.00	292.98	
513477.57	5402811.00	293.02	
513477.59	5402817.40	293.15	
513477.63	5402830.00	293.21	
513477.13	5402828.10	293.26	
513477.05	5402821.90	293.21	
513476.88	5402809.40	293.06	
513476.33	5402768.90	292.23	
513476.06	5402748.60	292.31	
513475.08	5402685.50	293.85	
513475.06	5402687.90	293.77	
513475.14	5402717.90	293.79	
513475.14	5402722.50	293.19	
513475.15	5402725.60	293.33	
513475.16	5402733.30	292.26	
513475.17	5402738.00	292.41	
513475.19	5402744.10	292.29	
513475.21	5402750.50	292.34	
513475.26	5402766.10	292.17	
513475.40	5402805.30	293.00	
513475.43	5402813.20	293.05	
513475.44	5402817.90	293.10	
513475.45	5402821.10	293.09	
513474.69	5402806.80	292.92	
513474.21	5402772.40	292.50	
513473.53	5402722.40	292.57	
513473.06	5402687.80	294.10	
513473.04	5402687.50	294.06	
513472.89	5402686.10	294.04	
513472.97	5402727.60	292.45	
513473.02	5402744.70	292.18	
513473.07	5402758.80	292.18	
513473.10	5402766.60	292.15	
513473.15	5402779.10	292.55	
513473.16	5402780.70	292.66	
513473.17	5402785.30	292.71	
513473.20	5402791.70	292.90	
513473.20	5402793.20	292.93	
513473.23	5402799.50	292.98	
513473.29	5402815.20	293.16	
513472.80	5402825.90	293.23	
513472.71	5402819.80	293.05	
513472.57	5402810.30	293.01	
513472.44	5402801.00	292.93	
513472.42	5402799.50	292.89	
513472.40	5402797.90	292.95	
513471.88	5402761.90	292.19	
513471.79	5402755.70	292.13	
513471.55	5402738.50	292.23	
513471.22	5402719.40	288.97	
513470.68	5402699.60	293.84	
513470.72	5402721.80	292.20	
513470.78	5402735.80	292.32	
513470.82	5402746.70	292.13	
513470.85	5402756.10	292.14	
513470.87	5402760.80	292.10	
513470.94	5402778.00	292.51	
513470.96	5402781.10	292.62	
513471.11	5402817.20	293.13	
513471.13	5402822.00	293.14	
513471.15	5402826.70	293.25	
513470.48	5402817.00	293.19	
513470.43	5402814.00	293.06	
513470.36	5402809.30	293.03	
513470.25	5402801.50	293.01	
513470.18	5402796.80	292.94	
513470.06	5402788.90	292.80	
513469.66	5402762.40	292.14	
513469.50	5402751.40	292.06	
513469.46	5402748.20	292.08	
513469.39	5402743.60	292.12	
513469.18	5402729.50	292.34	
513468.42	5402697.20	294.17	
513468.42	5402702.80	293.20	
513468.40	5402717.40	289.27	
513468.42	5402719.00	290.13	
513468.65	5402762.80	292.05	
513468.77	5402789.40	292.82	
513468.81	5402795.70	292.96	
513468.83	5402800.50	293.01	
513468.96	5402828.70	293.21	
513467.84	5402789.30	292.83	
513467.79	5402786.30	292.77	
513467.52	5402769.00	292.24	
513467.42	5402762.80	291.96	
513467.37	5402759.60	292.02	
513467.11	5402742.50	292.06	
513466.93	5402729.90	292.34	
513466.90	5402726.90	293.61	
513466.71	5402718.70	289.91	
513466.54	5402703.30	293.20	
513466.51	5402701.70	293.21	
513466.14	5402701.90	293.17	
513466.25	5402724.20	293.22	
513466.25	5402728.90	292.36	
513466.52	5402782.10	292.70	
513466.65	5402807.20	292.96	
513466.70	5402816.60	293.07	
513466.76	5402829.10	293.19	
513466.20	5402825.60	293.17	
513465.86	5402803.90	292.99	
513465.81	5402800.70	292.91	
513465.48	5402780.40	292.55	
513465.46	5402778.80	292.57	
513465.41	5402775.70	292.40	
513465.26	5402766.30	292.18	
513465.06	5402753.80	292.10	
513464.98	5402749.10	291.99	
513464.84	5402739.70	292.21	
513464.74	5402733.50	292.24	
513464.65	5402727.20	292.37	
513464.49	5402719.20	290.62	
513464.33	5402705.30	293.72	
513463.98	5402688.30	294.24	
513463.92	5402715.20	290.63	
513464.05	5402733.80	292.19	
513464.13	5402749.50	292.00	
513464.20	5402763.50	292.06	
513464.23	5402768.30	292.22	
513464.42	5402799.60	292.95	
513464.53	5402818.50	293.06	
513463.66	5402804.00	293.02	
513463.01	5402764.90	291.99	
513462.71	5402746.10	291.98	
513462.63	5402741.50	291.89	
513462.06	5402705.50	293.28	
513461.81	5402690.40	293.93	
513461.70	5402688.40	294.10	
513461.67	5402688.10	294.13	
513461.64	5402688.00	294.08	
513461.63	5402688.00	294.09	
513461.61	5402688.10	294.18	
513461.63	5402699.60	293.07	
513461.64	5402702.50	293.13	
513461.81	5402734.20	292.12	
513461.95	5402757.50	292.11	
513461.97	5402762.30	291.98	
513461.99	5402765.30	291.99	
513462.34	5402818.70	293.08	
513461.65	5402815.20	293.07	
513461.49	5402805.90	292.95	
513461.17	5402787.10	292.70	
513460.56	5402751.10	292.21	
513460.24	5402732.30	292.17	
513459.95	5402715.10	292.54	
513459.43	5402709.90	293.25	
513459.50	5402723.50	292.39	
513459.70	5402754.70	292.12	
513459.79	5402768.70	291.98	
513459.82	5402773.50	292.25	
513459.86	5402778.10	292.38	
513460.06	5402807.90	292.92	
513460.14	5402819.00	293.02	
513460.20	5402826.80	293.20	
513459.52	5402820.10	293.02	
513459.24	5402804.50	292.95	
513458.60	5402768.50	292.04	
513457.99	5402734.00	292.08	
513457.55	5402709.00	292.68	
513457.06	5402701.30	292.88	
513457.22	5402726.80	292.21	
513457.37	5402747.00	292.23	
513457.38	5402748.50	292.21	
513457.44	5402756.50	292.20	
513457.52	5402768.90	292.05	
513457.90	5402817.60	293.05	
513457.94	5402822.30	293.06	
513458.00	5402830.20	293.16	
513457.01	5402804.70	292.93	
513456.66	5402785.90	292.50	
513456.60	5402782.70	292.41	
513456.45	5402774.90	292.22	
513456.34	5402768.70	292.08	
513455.70	5402734.20	291.93	
513455.59	5402728.00	292.18	
513455.53	5402724.80	292.27	
513454.78	5402688.70	293.72	
513454.74	5402688.50	293.64	
513454.87	5402717.70	292.53	
513454.89	5402720.80	292.46	
513454.94	5402728.50	292.16	
513454.98	5402733.20	291.96	
513455.06	5402744.00	292.09	
513455.08	5402745.60	292.17	
513455.24	5402766.00	292.19	
513455.34	5402778.50	292.38	
513455.54	5402802.00	292.91	
513455.63	5402813.00	292.95	
513455.71	5402822.50	293.13	
513454.98	5402815.70	293.01	
513453.90	5402759.40	292.29	
513453.87	5402757.80	292.28	
513453.69	5402748.40	292.21	
513453.16	5402720.10	292.40	
513453.07	5402715.50	292.66	
513452.98	5402710.70	292.82	
513452.44	5402688.60	292.98	
513452.87	5402751.90	292.29	
513453.00	5402767.60	292.21	
513453.09	5402777.00	292.26	
513453.38	5402808.40	292.91	
513453.50	5402822.50	293.12	
513453.55	5402827.20	293.17	
513452.81	5402817.30	293.03	
513452.72	5402812.50	292.96	
513452.66	5402809.40	292.96	
513452.56	5402804.80	292.94	
513452.38	5402795.40	292.72	
513451.97	5402775.00	292.07	
513450.77	5402713.80	292.45	
513450.65	5402707.60	292.83	
513450.59	5402704.40	292.92	
513450.16	5402688.60	292.87	
513450.13	5402688.50	292.74	
513450.20	5402704.50	292.88	
513450.21	5402705.90	292.84	
513450.24	5402710.20	292.71	
513450.26	5402711.80	292.56	
513450.37	5402725.40	292.26	
513450.51	5402741.00	292.13	
513450.55	5402744.00	292.33	
513450.62	5402752.00	292.34	
513450.69	5402759.80	292.40	
513450.83	5402775.40	292.11	
513450.96	5402787.90	292.50	
513451.11	5402803.60	292.84	
513451.19	5402811.40	292.94	
513451.21	5402813.00	292.94	
513451.38	5402830.30	293.17	
513450.65	5402820.30	292.99	
513450.49	5402812.40	292.90	
513450.39	5402807.80	292.89	
513450.23	5402799.90	292.82	
513450.20	5402798.40	292.87	
513450.14	5402795.30	292.76	
513451.82	5402830.90	293.06	
513451.80	5402829.90	293.12	
513451.84	5402825.30	292.97	
513453.88	5402831.20	293.05	
513453.86	5402830.00	293.04	
513453.82	5402826.30	293.04	
513453.83	5402825.60	293.02	
513453.85	5402824.80	293.06	
513453.90	5402824.20	293.00	
513453.91	5402824.20	293.00	
513458.00	5402830.80	293.19	
513457.91	5402825.60	293.12	
513457.91	5402824.10	293.03	
513457.94	5402822.80	293.02	
513458.00	5402822.40	293.06	
513459.96	5402822.70	293.02	
513460.10	5402823.40	292.97	
513462.06	5402829.00	293.12	
513462.00	5402825.50	293.07	
513461.98	5402823.90	293.05	
513461.98	5402823.50	292.97	
513461.97	5402823.10	293.03	
513461.97	5402822.70	293.00	
513462.03	5402820.80	293.01	
513462.08	5402821.00	293.01	
513462.20	5402824.60	293.08	
513464.18	5402831.20	293.19	
513464.03	5402822.10	293.02	
513464.04	5402821.40	292.99	
513464.29	5402825.00	293.07	
513466.08	5402821.90	293.01	
513466.08	5402821.60	293.08	
513466.17	5402819.30	293.06	
513466.18	5402819.50	292.99	
513466.24	5402821.10	292.97	
513466.35	5402824.30	293.07	
513468.14	5402820.90	293.05	
513468.14	5402820.10	293.09	
513468.17	5402818.90	293.07	
513468.28	5402819.70	293.02	
513468.62	5402830.70	293.22	
513470.39	5402830.70	293.19	
513470.21	5402819.40	293.06	
513470.24	5402818.20	293.05	
513470.24	5402818.10	293.04	
513470.60	5402827.10	293.20	
513472.36	5402825.40	293.10	
513472.27	5402819.10	293.02	
513472.29	5402817.70	293.06	
513472.40	5402818.30	293.11	
513474.35	5402822.30	293.13	
513474.33	5402817.10	293.12	
513474.44	5402817.70	293.10	
513476.42	5402822.90	293.15	
513476.36	5402817.30	293.13	
513476.42	5402816.10	293.12	
513476.84	5402828.20	293.26	
513478.46	5402822.40	293.17	
513478.44	5402815.60	293.22	
513478.46	5402815.60	293.14	
513478.47	5402815.60	293.12	
513480.56	5402824.70	293.13	
513480.45	5402818.90	293.06	
513480.48	5402815.20	293.11	
513480.56	5402816.20	293.07	
513480.59	5402816.90	293.10	
513480.79	5402823.00	293.11	
513480.88	5402825.80	293.14	
513482.52	5402820.30	293.15	
513482.48	5402816.00	293.10	
513482.48	5402815.70	293.14	
513482.50	5402815.10	293.13	
513484.67	5402824.00	293.20	
513484.54	5402817.00	293.07	
513484.56	5402815.00	293.07	
513484.59	5402814.40	293.17	
513484.73	5402817.20	293.13	
513486.70	5402822.30	293.18	
513486.67	5402821.00	293.09	
513486.60	5402815.70	293.17	
513486.60	5402815.20	293.19	
513486.61	5402815.10	293.11	
513486.63	5402814.40	293.10	
513486.64	5402814.30	293.11	
513486.83	5402818.20	293.06	
513488.67	5402816.60	293.10	
513488.68	5402814.90	293.11	
513488.69	5402814.50	293.08	
513489.03	5402822.00	293.19	
513490.77	5402814.20	293.08	
513490.81	5402813.80	293.15	
513492.84	5402819.20	293.13	
513492.79	5402816.30	293.15	
513492.82	5402814.20	293.06	
513492.83	5402813.80	293.07	
513492.88	5402813.70	293.08	
513494.89	5402814.00	293.08	
513495.33	5402824.30	293.15	
513497.08	5402823.00	293.15	
513497.51	5402827.20	293.16	
513499.23	5402826.00	293.15	
513499.03	5402814.60	293.10	
513499.04	5402814.20	293.13	
513499.11	5402813.40	293.11	
513499.23	5402816.30	293.10	
513499.35	5402820.00	293.17	
513501.10	5402814.60	293.20	
513501.12	5402813.80	293.10	
513501.14	5402813.50	293.16	
513501.38	5402818.60	293.09	
513503.30	5402822.80	293.17	
513503.18	5402813.80	293.22	
513503.19	5402813.70	293.12	
513503.54	5402821.20	293.17	
513505.26	5402814.40	293.11	
513505.29	5402813.50	293.09	
513505.29	5402813.40	293.13	
513505.35	5402813.40	293.16	
513507.34	5402815.00	293.26	
513507.36	5402813.50	293.25	
513507.38	5402813.20	293.22	
513507.39	5402813.20	293.24	
513507.72	5402821.20	293.18	
513509.46	5402813.30	293.30	
513513.68	5402812.50	292.98	
513513.77	5402813.70	292.92	
513515.72	5402814.60	292.86	
513515.72	5402814.10	292.94	
513515.73	5402813.30	292.96	
513515.77	5402812.40	292.90	
513518.17	5402831.10	293.49	
513517.93	5402820.10	292.92	
513517.82	5402814.10	292.92	
513517.88	5402812.20	292.86	
513517.90	5402812.20	292.85	
513519.92	5402814.60	292.90	
513519.92	5402813.50	292.95	
513520.26	5402818.80	292.90	
513522.39	5402830.70	292.85	
513522.06	5402812.00	292.85	
513522.07	5402811.90	292.90	
513524.37	5402825.70	292.92	
513524.14	5402815.30	292.88	
513524.13	5402814.60	292.84	
513524.19	5402811.60	292.85	
513524.33	5402814.50	292.91	
513524.51	5402819.70	292.88	
513524.60	5402822.50	293.01	
513526.56	5402828.60	292.97	
513526.41	5402822.20	292.97	
513526.24	5402813.10	292.82	
513526.30	5402811.40	292.88	
513528.40	5402816.60	292.90	
513528.56	5402814.20	292.92	
513530.50	5402811.40	292.78	
513530.56	5402811.00	292.69	
513530.62	5402812.20	292.70	
513531.19	5402829.10	292.95	
513532.62	5402815.10	292.83	
513532.59	5402812.90	292.74	
513532.61	5402811.60	292.84	
513532.63	5402811.00	292.77	
513532.66	5402810.80	292.84	
513532.71	5402811.40	292.81	
513532.89	5402816.20	292.80	
513533.17	5402824.60	292.94	
513534.89	5402821.40	292.83	
513534.72	5402812.30	292.73	
513534.73	5402812.00	292.69	
513534.72	5402811.80	292.80	
513534.74	5402810.90	292.83	
513534.76	5402810.80	292.84	
513534.81	5402810.70	292.77	
513534.87	5402811.80	292.73	
513537.22	5402830.80	292.91	
513537.15	5402827.60	292.79	
513536.87	5402810.60	292.77	
513537.13	5402815.80	292.71	
513539.25	5402825.80	292.73	
513539.26	5402815.70	292.79	
513539.69	5402828.40	292.80	
513541.18	5402816.50	292.50	
513541.12	5402811.60	292.61	
513541.13	5402810.80	292.55	
513541.41	5402815.50	292.50	
513543.41	5402820.70	292.60	
513543.34	5402817.70	292.64	
513543.24	5402812.10	292.53	
513543.29	5402810.20	292.56	
513543.36	5402810.60	292.63	
513545.40	5402814.20	292.59	
513545.38	5402813.40	292.62	
513545.41	5402810.00	292.86	
513545.76	5402818.20	292.55	
513545.85	5402820.90	292.51	
513547.81	5402827.00	292.57	
513547.54	5402810.10	292.65	
513547.54	5402810.00	292.64	
513547.60	5402810.10	292.67	
513549.80	5402822.20	292.64	
513549.60	5402812.00	292.66	
513550.17	5402823.80	292.64	
513551.86	5402820.60	292.65	
513551.73	5402814.10	292.66	
513551.70	5402812.00	292.72	
513551.70	5402811.80	292.70	
513551.88	5402811.90	292.65	
513553.93	5402819.00	292.65	
513553.82	5402813.40	292.71	
513553.80	5402811.80	292.79	
513553.88	5402809.90	292.79	
513553.89	5402809.90	292.73	
513553.93	5402810.50	292.70	
513556.17	5402825.40	292.69	
513556.14	5402823.80	292.69	
513555.91	5402811.80	293.04	
513558.27	5402825.60	292.67	
513558.02	5402811.00	292.83	
513558.06	5402810.30	292.76	
513558.48	5402821.40	292.78	
513562.36	5402821.40	292.89	
513562.27	5402810.80	292.70	
513562.39	5402812.90	292.73	
513562.72	5402823.30	293.03	
513564.46	5402821.70	292.72	
513564.42	5402820.20	292.80	
513566.46	5402817.70	292.63	
513566.41	5402812.40	292.77	
513566.43	5402811.80	292.70	
513566.69	5402817.00	292.67	
513568.80	5402828.70	292.69	
513568.64	5402820.80	292.61	
513568.58	5402818.10	292.69	
513568.54	5402816.00	292.66	
513568.53	5402813.70	292.55	
513569.08	5402825.80	292.68	
513570.87	5402827.50	292.62	
513570.64	5402813.60	292.57	
513570.66	5402812.50	292.56	
513570.67	5402812.40	292.60	
513572.80	5402818.70	292.52	
513572.74	5402814.30	292.60	
513572.75	5402813.60	292.56	
513572.86	5402813.30	292.56	
513573.38	5402829.50	292.64	
513574.96	5402821.80	292.46	
513574.85	5402814.40	292.55	
513574.85	5402814.20	292.58	
513574.95	5402813.20	292.84	
513575.14	5402818.60	292.55	
513575.40	5402827.00	292.58	
513577.04	5402820.80	292.50	
513576.94	5402815.10	292.85	
513577.59	5402830.20	292.54	
513579.28	5402828.80	292.53	
513579.04	5402817.10	292.84	
513579.05	5402814.70	292.74	
513581.19	5402820.30	292.78	
513581.14	5402817.00	292.65	
513581.64	5402826.80	292.79	
513583.36	5402825.00	292.77	
513583.23	5402815.30	292.87	
513583.24	5402815.00	292.87	
513583.73	5402827.30	292.75	
513585.44	5402825.40	292.78	
513585.38	5402822.40	292.77	
513585.29	5402817.10	293.03	
513585.33	5402815.20	293.05	
513585.50	5402818.20	292.91	
513587.35	5402817.80	293.07	
513587.38	5402815.80	292.97	
513587.78	5402825.20	292.83	
513587.87	5402828.10	292.87	
513589.54	5402824.70	293.04	
513589.42	5402818.00	293.18	
513589.43	5402817.10	293.02	
513589.44	5402816.50	293.01	
513589.49	5402815.80	293.04	
513589.51	5402815.80	293.06	
513589.68	5402820.20	292.95	
513591.48	5402818.40	292.98	
513591.50	5402817.00	292.99	
513591.51	5402816.80	292.98	
513591.52	5402816.60	292.91	
513595.67	5402820.00	297.23	
513597.91	5402831.10	292.95	
513597.59	5402822.30	297.27	
513597.57	5402820.10	297.27	
513597.60	5402818.50	297.22	
513597.61	5402818.30	297.25	
513599.66	5402823.70	297.33	
513599.65	5402822.80	297.28	
513599.62	5402821.10	297.30	
513599.63	5402820.00	297.24	
513599.68	5402818.80	297.27	
513599.70	5402818.70	297.27	
513601.84	5402827.90	296.94	
513601.73	5402823.20	297.23	
513601.73	5402819.80	297.26	
513601.74	5402819.50	297.25	
513602.20	5402830.40	296.73	
513603.85	5402825.70	297.30	
513603.82	5402819.90	297.31	
513605.96	5402820.30	297.29	
513607.96	5402824.10	297.35	
513610.42	5402829.70	297.33	
513634.56	5402826.30	298.35	
513634.57	5402826.30	298.35	
