513248.61	5403656.30	299.52	
513248.66	5403663.50	299.95	
513248.79	5403665.80	300.06	
513248.82	5403665.80	300.04	
513248.86	5403664.00	299.99	
513250.75	5403662.60	301.73	
513250.78	5403663.60	301.39	
513250.87	5403665.30	301.32	
513253.12	5403659.50	294.23	
513253.23	5403665.50	294.28	
513253.04	5403665.40	301.25	
513253.38	5403662.30	294.25	
513255.26	5403661.60	294.32	
513255.47	5403664.90	294.35	
513255.51	5403656.80	294.50	
513257.29	5403656.30	294.50	
513257.35	5403663.60	294.56	
513257.33	5403665.00	300.29	
513259.35	5403665.00	300.43	
513259.41	5403665.20	300.36	
513259.49	5403657.30	299.60	
513261.46	5403664.90	300.41	
513261.78	5403659.30	294.51	
513263.50	5403663.70	300.60	
513263.55	5403664.50	300.62	
513263.65	5403664.60	300.66	
513263.68	5403662.30	300.54	
513263.91	5403656.70	294.56	
513265.63	5403663.90	300.93	
513265.67	5403664.50	300.67	
513265.84	5403660.30	300.40	
513267.74	5403662.10	300.60	
513267.82	5403664.80	300.77	
513267.87	5403665.60	300.75	
513267.97	5403661.70	300.62	
513269.87	5403661.70	300.59	
513270.00	5403665.90	300.77	
513270.03	5403666.10	300.80	
513270.10	5403664.10	300.70	
513272.08	5403665.00	300.78	
513272.23	5403665.80	300.89	
513274.41	5403663.80	301.05	
513274.42	5403661.50	300.97	
513276.38	5403664.10	301.32	
513276.42	5403665.70	301.35	
513276.43	5403665.80	301.40	
513276.56	5403667.00	301.36	
513276.59	5403665.00	301.39	
513309.41	5403655.40	295.54	
513311.75	5403663.60	295.30	
513311.82	5403667.00	295.16	
513311.84	5403667.50	295.09	
513311.91	5403668.60	295.07	
513312.00	5403668.70	295.09	
513314.23	5403666.60	294.66	
513314.24	5403656.40	294.50	
513316.23	5403666.10	294.49	
513316.28	5403667.20	294.46	
513316.30	5403667.50	294.51	
513316.36	5403668.30	294.55	
513316.41	5403668.30	294.53	
513316.44	5403662.90	294.41	
513322.70	5403658.30	294.93	
513322.83	5403665.90	294.86	
513322.91	5403667.20	294.83	
513322.98	5403667.60	294.83	
513323.00	5403666.90	294.89	
513324.90	5403659.40	294.95	
513324.93	5403662.00	294.98	
513325.04	5403666.20	294.96	
513325.09	5403666.90	294.88	
513325.16	5403667.30	294.97	
513325.18	5403657.70	295.01	
513327.18	5403665.80	295.05	
513327.26	5403666.90	295.00	
513327.34	5403663.80	295.04	
513327.33	5403658.70	295.00	
513329.34	5403665.60	295.06	
513329.36	5403665.90	294.98	
513329.46	5403666.70	295.02	
513331.41	5403663.00	294.99	
513331.44	5403664.10	295.00	
513331.48	5403665.00	294.97	
513331.56	5403666.30	295.06	
513333.64	5403665.10	294.95	
513333.70	5403665.90	295.01	
513333.72	5403666.00	295.01	
513333.77	5403665.70	294.97	
513348.13	5403662.30	295.18	
513348.14	5403662.40	295.16	
513348.15	5403662.40	295.10	
513367.94	5403655.60	294.90	
513369.92	5403656.30	294.87	
513370.00	5403657.50	294.97	
513371.83	5403655.80	295.00	
513371.84	5403656.00	294.92	
513371.92	5403657.10	294.89	
513371.93	5403657.20	294.84	
513375.76	5403656.40	295.14	
513377.71	5403656.20	295.16	
513381.56	5403655.30	294.23	
513381.59	5403655.70	294.31	
513381.60	5403655.70	294.25	
513381.64	5403655.70	294.24	
513408.84	5403655.60	294.26	
513410.81	5403655.80	294.35	
513410.86	5403656.20	294.28	
513412.76	5403655.40	294.33	
513412.89	5403656.00	294.39	
513414.82	5403657.00	294.33	
513414.85	5403657.00	294.29	
513413.80	5403683.30	295.31	
513413.70	5403683.80	295.33	
513412.38	5403711.90	295.35	
513411.73	5403684.50	294.53	
513411.81	5403705.10	294.36	
513411.84	5403708.00	294.54	
513411.91	5403713.90	295.22	
513411.93	5403715.30	295.17	
513410.38	5403717.40	295.16	
513409.71	5403686.20	294.42	
513409.53	5403685.50	294.43	
513409.73	5403706.10	295.46	
513409.76	5403709.00	295.27	
513408.12	5403710.70	295.14	
513408.03	5403706.20	295.29	
513407.89	5403700.00	294.27	
513407.50	5403694.40	294.85	
513407.62	5403707.00	295.20	
513405.89	5403705.40	295.17	
513405.37	5403692.50	294.34	
513405.39	5403695.20	294.41	
513403.35	5403687.90	294.41	
513403.30	5403698.80	295.23	
513403.32	5403700.30	295.19	
513403.36	5403705.80	295.09	
513403.38	5403708.60	295.05	
513403.40	5403711.50	294.95	
513402.49	5403755.20	295.29	
513401.10	5403689.50	294.47	
513401.23	5403709.50	295.10	
513401.57	5403758.50	295.06	
513399.23	5403693.40	295.31	
513399.20	5403691.80	295.31	
513399.13	5403690.00	295.29	
513399.12	5403689.80	295.21	
513399.04	5403688.80	295.40	
513399.02	5403688.70	295.41	
513398.99	5403692.50	295.30	
513399.11	5403713.10	295.02	
513399.37	5403756.30	295.07	
513397.12	5403694.20	295.55	
513397.03	5403691.00	295.22	
513396.92	5403689.50	295.29	
513396.91	5403689.40	295.27	
513396.90	5403689.50	295.28	
513396.90	5403689.50	295.26	
513397.17	5403754.20	295.15	
513395.91	5403756.00	295.27	
513395.01	5403758.10	295.26	
513393.74	5403756.90	295.47	
513392.78	5403746.90	295.08	
513389.37	5403755.70	295.00	
513389.35	5403754.10	295.05	
513389.22	5403743.60	295.01	
513388.48	5403750.20	295.00	
513386.33	5403739.00	295.11	
513386.33	5403740.50	295.05	
513386.34	5403747.90	295.05	
513385.04	5403754.20	295.02	
513384.94	5403745.10	294.95	
513384.93	5403743.70	295.05	
513384.20	5403739.80	295.00	
513384.20	5403741.20	294.90	
513384.20	5403751.80	295.07	
513382.06	5403740.50	294.92	
513382.06	5403743.40	294.99	
513382.05	5403752.50	295.03	
513380.61	5403742.00	295.22	
513378.50	5403751.50	295.03	
513378.44	5403744.10	295.01	
513377.73	5403741.60	295.19	
513377.72	5403743.10	295.09	
513376.32	5403749.00	295.28	
513376.08	5403717.40	294.59	
513375.59	5403742.00	295.35	
513375.57	5403746.50	295.10	
513375.54	5403755.50	295.31	
513374.22	5403756.90	294.99	
513374.15	5403746.30	294.96	
513373.57	5403712.00	295.10	
513373.43	5403745.50	295.15	
513372.04	5403752.70	294.99	
513371.84	5403719.70	294.49	
513371.30	5403744.30	295.10	
513371.26	5403751.80	295.09	
513371.24	5403756.30	294.96	
513369.91	5403750.10	295.19	
513369.89	5403747.00	294.96	
513369.88	5403744.00	295.34	
513369.20	5403746.10	295.20	
513369.13	5403759.60	295.42	
513367.63	5403708.10	295.07	
513367.62	5403706.60	295.08	
513367.22	5403724.10	294.52	
513367.07	5403752.30	295.31	
513365.76	5403757.80	295.28	
513365.60	5403723.20	294.51	
513365.58	5403718.70	294.46	
513365.54	5403709.70	294.43	
513365.54	5403706.70	295.11	
513365.38	5403698.30	294.49	
513363.47	5403708.20	294.41	
513363.43	5403700.80	295.10	
513363.42	5403700.40	295.12	
513363.40	5403699.80	295.09	
513363.29	5403698.30	295.18	
513363.23	5403701.10	295.03	
513362.91	5403748.00	295.01	
513361.57	5403754.90	295.36	
513361.56	5403752.00	295.05	
513361.55	5403750.50	295.03	
513361.45	5403723.40	294.48	
513361.42	5403714.30	294.51	
513361.41	5403711.30	294.45	
513361.14	5403704.80	294.51	
513361.13	5403706.20	294.51	
513361.06	5403715.80	294.46	
513361.00	5403724.30	294.54	
513360.83	5403749.60	295.15	
513359.39	5403720.40	294.49	
513359.31	5403700.90	294.46	
513357.28	5403708.40	294.52	
513357.28	5403706.90	294.51	
513357.21	5403699.70	294.54	
513357.21	5403699.60	294.52	
513357.10	5403698.50	294.47	
513357.01	5403706.30	294.49	
513356.99	5403709.10	294.46	
513356.85	5403727.40	295.02	
513355.26	5403723.50	294.99	
513355.26	5403722.10	295.08	
513355.21	5403704.30	294.48	
513355.18	5403700.60	294.48	
513355.16	5403700.00	294.48	
513355.13	5403699.30	294.40	
513355.12	5403699.20	294.44	
513355.04	5403698.50	294.52	
513353.17	5403725.10	295.11	
513353.13	5403713.10	294.50	
513353.09	5403701.60	294.50	
513353.07	5403700.50	294.49	
513352.91	5403699.80	294.48	
513351.04	5403713.20	294.48	
513350.96	5403700.00	294.52	
513350.94	5403699.80	294.46	
513350.92	5403699.30	294.46	
513350.90	5403699.00	294.46	
513350.88	5403698.90	294.45	
513350.87	5403698.80	294.44	
513350.84	5403698.80	294.51	
513350.83	5403699.00	294.47	
513350.78	5403702.80	294.50	
513348.96	5403710.30	294.80	
513348.93	5403702.00	294.47	
513348.92	5403701.40	294.54	
513348.91	5403700.80	294.44	
513348.88	5403700.10	294.50	
513348.87	5403700.00	294.44	
513348.80	5403699.00	294.45	
513346.87	5403701.60	294.44	
513346.82	5403700.10	294.50	
513346.75	5403699.20	294.43	
513346.74	5403699.20	294.54	
513346.71	5403699.40	294.45	
513346.66	5403703.20	294.47	
513344.85	5403709.30	294.94	
513344.79	5403700.90	294.47	
513344.75	5403700.20	294.49	
513344.72	5403699.60	294.43	
513342.72	5403700.70	294.44	
513342.69	5403700.00	294.53	
513342.54	5403704.80	294.86	
513340.67	5403700.60	294.50	
513340.57	5403699.50	294.47	
513340.48	5403707.50	294.99	
513338.69	5403704.10	294.84	
513338.44	5403706.20	294.96	
513336.45	5403700.10	294.91	
513336.42	5403702.30	294.97	
513334.57	5403701.90	294.99	
513334.17	5403740.40	301.48	
513332.16	5403735.70	301.41	
513332.12	5403741.60	301.43	
513328.78	5403758.00	301.07	
513328.15	5403733.80	301.35	
513326.62	5403722.30	301.29	
513326.23	5403716.70	301.38	
513326.18	5403725.10	301.40	
513326.06	5403747.00	301.18	
513326.01	5403755.90	301.06	
513324.59	5403723.80	301.39	
513324.04	5403744.10	301.20	
513324.03	5403745.60	301.21	
513322.68	5403750.50	301.20	
513322.65	5403744.40	301.11	
513322.63	5403741.50	301.12	
513322.60	5403734.00	301.25	
513322.58	5403731.10	301.19	
513322.52	5403719.20	301.31	
513322.14	5403713.90	301.40	
513322.05	5403732.30	301.26	
513322.00	5403742.60	301.13	
513321.96	5403749.90	301.13	
513320.67	5403756.30	301.04	
513320.64	5403750.30	301.11	
513320.55	5403738.50	299.19	
513320.09	5403713.90	301.45	
513319.92	5403742.60	298.72	
513319.93	5403747.00	301.08	
513318.63	5403758.00	301.11	
513318.61	5403755.00	301.14	
513318.52	5403744.60	298.32	
513318.49	5403737.20	299.39	
513318.48	5403734.20	299.79	
513317.87	5403754.60	301.11	
513316.64	5403756.80	301.11	
513316.49	5403734.40	299.87	
513316.48	5403731.40	300.17	
513315.98	5403737.20	301.55	
513314.64	5403746.50	301.11	
513314.04	5403731.40	300.42	
513314.03	5403737.30	301.46	
513313.96	5403757.90	301.12	
513312.76	5403759.80	301.13	
513312.73	5403755.30	301.30	
513312.08	5403725.60	300.92	
513312.08	5403727.10	300.90	
513312.06	5403729.90	300.66	
513312.02	5403743.20	301.08	
513311.99	5403753.50	301.33	
513310.76	5403758.30	301.17	
513310.60	5403736.00	300.95	
513310.55	5403728.60	300.67	
513310.07	5403729.90	300.72	
513310.02	5403750.50	301.74	
513309.98	5403751.90	298.47	
513308.65	5403738.90	300.96	
513308.07	5403738.70	300.95	
513308.06	5403743.10	301.08	
513308.05	5403747.50	301.77	
513308.02	5403758.00	301.14	
513306.69	5403743.40	301.17	
513306.64	5403737.40	300.89	
513306.61	5403733.00	300.82	
513306.51	5403719.50	300.95	
513306.14	5403714.40	301.16	
513306.13	5403717.20	301.07	
513306.10	5403725.50	300.81	
513306.08	5403731.30	300.85	
513306.07	5403735.70	300.88	
513304.65	5403738.80	301.19	
513304.59	5403731.30	300.91	
513304.58	5403729.90	300.80	
513304.54	5403724.00	300.88	
513304.51	5403719.40	300.92	
513304.13	5403715.70	301.00	
513304.12	5403719.80	300.84	
513304.06	5403743.10	301.45	
513304.06	5403746.00	301.52	
513302.81	5403758.10	301.20	
513302.69	5403741.80	301.53	
513302.58	5403728.30	300.85	
513302.52	5403720.90	300.88	
513302.50	5403717.90	300.93	
513302.14	5403712.90	301.04	
513302.11	5403724.00	300.95	
513302.09	5403732.70	300.96	
513302.07	5403741.50	301.43	
513300.69	5403744.50	301.54	
513300.63	5403737.10	301.54	
513300.47	5403717.70	300.89	
513300.07	5403726.70	300.95	
513300.01	5403747.20	299.72	
513299.99	5403751.70	299.40	
513298.64	5403747.30	299.77	
513298.44	5403720.50	300.93	
513298.04	5403713.90	300.91	
513297.98	5403736.70	300.91	
513297.94	5403747.00	299.90	
513296.55	5403744.00	300.21	
513296.51	5403739.50	300.60	
513296.40	5403724.60	301.09	
513296.20	5403701.10	300.94	
513295.99	5403704.20	300.91	
513295.94	5403724.80	301.06	
513295.91	5403735.00	301.01	
513295.87	5403752.60	301.26	
513294.55	5403754.20	301.23	
513294.06	5403699.40	300.88	
513293.88	5403713.30	300.97	
513293.76	5403753.80	301.29	
513293.76	5403755.30	301.30	
513293.75	5403759.70	301.30	
513292.27	5403731.40	301.14	
513292.25	5403728.40	301.20	
513292.03	5403700.90	300.88	
513291.94	5403698.70	300.74	
513291.84	5403698.80	300.85	
513291.83	5403700.20	300.78	
513290.33	5403754.70	301.39	
513290.30	5403751.70	301.26	
513290.10	5403723.50	301.24	
513290.09	5403722.00	301.25	
513289.93	5403701.10	300.87	
513289.86	5403698.70	300.87	
513289.83	5403698.20	300.83	
513289.75	5403697.60	300.84	
513289.74	5403697.70	300.77	
513289.72	5403698.90	300.89	
513289.71	5403699.70	300.84	
513289.70	5403700.60	300.85	
513289.68	5403707.00	300.92	
513289.66	5403711.20	300.96	
513289.52	5403750.00	301.31	
513288.07	5403739.40	301.21	
513287.82	5403703.80	300.92	
513287.78	5403700.00	300.94	
513287.71	5403697.90	300.91	
513287.66	5403697.20	300.92	
513287.65	5403697.10	300.96	
513287.64	5403697.10	300.91	
513287.60	5403697.40	300.89	
513287.56	5403702.50	300.94	
513287.55	5403704.00	300.93	
513287.44	5403731.90	301.26	
513285.92	5403740.30	301.31	
513285.72	5403708.90	301.02	
513285.60	5403697.70	300.96	
513285.43	5403700.80	300.99	
513285.43	5403702.00	301.04	
513285.42	5403703.40	301.01	
513285.27	5403735.70	301.28	
513285.25	5403740.20	301.29	
513283.67	5403712.90	301.35	
513283.49	5403696.40	301.04	
513283.35	5403702.80	301.06	
513283.31	5403710.90	301.19	
513281.53	5403697.80	301.18	
513281.39	5403695.50	301.13	
513281.38	5403695.60	301.06	
513279.65	5403735.70	301.28	
513279.42	5403695.40	301.16	
513279.40	5403695.20	301.13	
513279.37	5403695.00	301.12	
513277.57	5403736.70	301.40	
513277.43	5403696.60	301.24	
513277.33	5403694.60	301.22	
513277.32	5403694.50	301.21	
513277.24	5403697.70	301.22	
513277.23	5403698.90	301.22	
513276.91	5403738.20	301.40	
513275.37	5403696.30	301.27	
513275.26	5403694.00	301.17	
513275.24	5403694.00	301.25	
513275.22	5403694.10	301.22	
513275.20	5403694.70	301.26	
513273.09	5403696.40	301.31	
513271.11	5403693.10	301.26	
513271.07	5403692.70	301.27	
513271.03	5403692.80	301.27	
513271.01	5403694.00	301.33	
513270.99	5403694.80	301.31	
513268.99	5403693.30	301.42	
513268.98	5403693.20	301.31	
513268.73	5403701.60	301.79	
513266.85	5403698.00	301.60	
513266.82	5403693.00	301.43	
513266.77	5403691.90	301.31	
513266.72	5403691.40	301.27	
513266.71	5403691.40	301.34	
513266.69	5403691.50	301.39	
513266.67	5403692.10	301.36	
513266.66	5403692.70	301.41	
513266.64	5403693.50	301.43	
513264.41	5403697.70	301.53	
513264.39	5403699.00	301.65	
513264.34	5403703.10	301.84	
513264.30	5403705.70	301.95	
513262.52	5403702.40	301.80	
513262.09	5403709.30	302.03	
513261.59	5403744.10	303.89	
513260.19	5403742.10	303.77	
513260.24	5403728.70	303.17	
513260.31	5403690.00	301.33	
513259.97	5403704.70	301.93	
513257.91	5403750.40	303.99	
513257.92	5403748.90	304.00	
513257.95	5403743.00	303.91	
513257.99	5403734.20	303.64	
513258.06	5403720.70	302.75	
513258.12	5403689.30	301.28	
513258.08	5403689.00	301.28	
513257.11	5403744.50	303.87	
513256.94	5403754.90	304.14	
513255.66	5403752.80	304.00	
513255.80	5403729.20	303.71	
513256.00	5403689.90	301.38	
513255.96	5403689.00	301.27	
513255.87	5403688.40	301.15	
513255.86	5403688.70	301.11	
513255.65	5403699.50	301.66	
513255.53	5403706.20	301.96	
513255.31	5403719.00	302.73	
513254.98	5403738.10	303.58	
513254.72	5403752.80	303.93	
513253.38	5403758.20	304.06	
513253.68	5403715.20	302.41	
513253.81	5403688.80	301.19	
513253.54	5403694.80	301.47	
513253.37	5403704.30	302.05	
513253.31	5403707.10	302.02	
513251.24	5403744.30	303.64	
513251.58	5403687.40	301.05	
513251.32	5403697.00	301.73	
513251.05	5403710.80	302.18	
513250.86	5403721.00	302.77	
513250.71	5403728.20	303.05	
513249.17	5403729.00	303.09	
513249.50	5403692.20	301.29	
513249.46	5403687.40	301.15	
513249.41	5403686.80	301.08	
513248.84	5403711.80	302.27	
513248.78	5403714.70	302.33	
513248.49	5403729.30	303.04	
513248.07	5403749.90	304.14	
513247.98	5403754.40	304.14	
513247.89	5403758.80	304.21	
513247.77	5403752.90	304.04	
513249.68	5403753.20	304.14	
513249.71	5403753.00	304.11	
513249.71	5403753.00	304.08	
513249.75	5403752.90	304.09	
513249.75	5403753.00	304.08	
513251.54	5403754.90	304.04	
513251.57	5403754.40	304.03	
513251.64	5403756.80	304.04	
513253.47	5403755.80	304.14	
513253.57	5403754.40	304.07	
513253.64	5403754.00	304.09	
513253.64	5403754.90	304.09	
513253.58	5403757.40	304.19	
513257.32	5403757.70	304.34	
513257.34	5403757.20	304.32	
513257.39	5403756.50	304.33	
513257.48	5403755.80	304.29	
513259.44	5403757.40	304.34	
513263.20	5403759.90	304.51	
513263.27	5403759.10	304.37	
513265.34	5403759.20	304.57	
