494679.26	5420706.00	314.95	
494679.25	5420644.50	300.57	
494679.22	5420605.10	291.66	
494679.13	5420554.00	281.26	
494679.19	5420486.60	263.42	
494679.16	5420454.60	256.16	
494679.09	5420448.70	256.20	
494679.05	5420395.60	269.60	
494680.24	5420427.20	256.40	
494680.40	5420435.90	256.27	
494680.61	5420468.20	263.62	
494681.02	5420496.40	265.25	
494681.15	5420565.90	288.18	
494681.74	5420611.70	292.76	
494682.16	5420685.30	311.43	
494682.45	5420707.00	313.41	
494682.46	5420709.50	314.17	
494682.63	5420730.70	318.37	
494682.72	5420744.00	321.46	
494683.37	5420688.80	311.90	
494683.45	5420676.50	307.13	
494683.53	5420661.20	301.86	
494683.55	5420653.50	299.75	
494683.55	5420650.80	299.00	
494683.46	5420619.40	293.42	
494683.25	5420595.00	291.92	
494683.19	5420589.80	291.85	
494683.17	5420587.10	291.63	
494683.14	5420581.70	290.92	
494683.11	5420573.60	289.77	
494683.70	5420527.10	265.99	
494683.70	5420515.80	263.28	
494683.54	5420501.70	263.26	
494683.33	5420484.70	263.40	
494682.93	5420423.70	256.75	
494682.17	5420348.70	254.10	
494682.75	5420326.70	254.17	
494682.79	5420329.50	254.29	
494683.00	5420391.40	272.44	
494685.45	5420505.80	263.30	
494685.73	5420536.70	268.64	
494685.68	5420539.50	270.88	
494685.64	5420542.30	272.72	
494685.59	5420585.90	289.90	
494686.14	5420626.30	293.34	
494686.24	5420634.60	294.22	
494686.46	5420668.90	302.39	
494687.01	5420740.30	317.57	
494687.81	5420736.10	317.20	
494687.71	5420685.40	307.13	
494687.81	5420636.60	293.32	
494687.69	5420617.90	291.27	
494687.62	5420607.10	290.15	
494687.88	5420519.60	263.24	
494687.61	5420497.00	263.35	
494687.25	5420468.70	263.75	
494686.92	5420416.10	257.55	
494686.21	5420343.70	254.16	
494686.02	5420328.40	254.30	
494685.98	5420321.90	253.37	
494686.71	5420315.70	252.89	
494687.29	5420394.90	269.81	
494688.10	5420409.90	258.55	
494689.44	5420498.40	263.40	
494689.64	5420565.40	284.07	
494690.29	5420614.20	288.98	
494690.65	5420644.10	292.54	
494690.80	5420709.10	314.23	
494690.87	5420711.90	313.69	
494691.30	5420752.30	319.94	
494691.99	5420734.50	317.22	
494691.86	5420709.10	313.68	
494692.06	5420627.30	289.40	
494692.00	5420616.50	287.83	
494691.81	5420597.60	287.18	
494691.79	5420594.90	286.98	
494691.75	5420581.50	284.46	
494691.73	5420578.70	284.17	
494692.06	5420532.10	265.38	
494692.04	5420526.40	264.43	
494691.49	5420449.10	256.31	
494691.07	5420423.30	258.35	
494689.95	5420391.30	273.82	
494689.67	5420377.30	276.01	
494689.80	5420373.50	272.29	
494690.14	5420336.10	255.15	
494690.14	5420332.80	254.29	
494690.85	5420374.20	272.96	
494692.43	5420422.80	258.44	
494692.62	5420428.20	256.53	
494693.28	5420483.10	263.66	
494693.59	5420499.80	263.51	
494693.69	5420505.50	263.50	
494693.85	5420514.00	263.35	
494694.14	5420530.90	263.77	
494693.99	5420539.30	270.01	
494693.96	5420544.80	272.77	
494693.94	5420547.60	274.23	
494693.88	5420555.90	278.73	
494693.89	5420561.30	280.53	
494694.11	5420577.80	282.20	
494694.27	5420594.10	285.11	
494694.61	5420613.30	285.48	
494695.01	5420645.80	289.55	
494695.07	5420659.20	293.33	
494695.13	5420674.90	298.23	
494695.13	5420705.80	310.15	
494696.13	5420715.50	313.71	
494696.50	5420653.00	290.25	
494696.47	5420642.40	288.06	
494696.40	5420628.90	286.20	
494695.95	5420569.20	280.05	
494695.94	5420547.40	274.39	
494695.04	5420416.10	258.41	
494694.60	5420405.50	264.88	
494694.20	5420395.00	270.53	
494695.06	5420339.80	255.93	
494694.75	5420351.50	266.81	
494696.86	5420438.30	256.55	
494697.02	5420446.80	256.50	
494697.38	5420484.50	263.72	
494697.81	5420506.90	263.48	
494698.09	5420546.40	273.01	
494698.20	5420562.80	277.36	
494698.42	5420579.20	279.21	
494699.49	5420702.70	305.65	
494700.72	5420748.10	314.86	
494700.67	5420745.40	315.24	
494700.53	5420727.60	313.42	
494700.60	5420705.40	306.14	
494700.64	5420700.70	303.94	
494700.72	5420688.00	298.92	
494700.77	5420675.20	294.66	
494700.83	5420657.30	288.64	
494700.82	5420644.10	285.18	
494700.78	5420638.70	284.48	
494700.58	5420609.00	280.66	
494700.44	5420600.70	281.31	
494700.40	5420597.90	281.29	
494700.30	5420576.20	277.48	
494700.21	5420562.50	275.66	
494700.19	5420548.70	272.33	
494699.94	5420498.10	263.46	
494699.60	5420449.00	256.91	
494699.46	5420437.50	256.56	
494697.81	5420386.20	276.71	
494697.71	5420383.50	277.99	
494698.06	5420326.60	254.28	
494698.82	5420323.60	254.20	
494701.83	5420503.00	263.44	
494702.00	5420511.40	263.43	
494702.05	5420514.20	263.43	
494702.37	5420533.80	264.71	
494702.41	5420539.40	266.09	
494702.38	5420542.20	267.98	
494702.40	5420550.70	270.95	
494702.42	5420553.50	271.56	
494703.79	5420673.50	291.96	
494703.86	5420694.50	299.14	
494703.86	5420699.70	301.39	
494704.00	5420738.60	314.42	
494704.15	5420747.10	314.86	
494704.86	5420741.50	315.34	
494705.07	5420689.90	296.77	
494705.11	5420677.20	292.30	
494704.93	5420621.40	280.31	
494704.86	5420610.60	278.49	
494704.79	5420605.20	278.46	
494704.63	5420588.80	277.09	
494704.61	5420583.40	275.87	
494704.58	5420569.60	272.53	
494704.51	5420544.70	266.81	
494703.73	5420480.00	263.91	
494703.56	5420465.90	263.48	
494703.50	5420454.10	261.18	
494703.24	5420431.00	259.79	
494701.89	5420390.50	275.76	
494701.67	5420382.30	277.87	
494701.56	5420373.40	277.56	
494702.70	5420322.50	254.33	
494702.79	5420331.60	256.32	
494703.16	5420393.50	273.93	
494704.79	5420436.20	258.31	
494705.01	5420444.50	257.15	
494705.53	5420490.80	265.80	
494707.16	5420596.50	276.63	
494707.42	5420615.80	279.47	
494707.81	5420648.60	285.21	
494707.85	5420651.20	285.62	
494707.91	5420656.50	286.60	
494707.98	5420662.10	287.53	
494708.01	5420664.80	287.92	
494708.16	5420675.80	289.54	
494708.21	5420691.50	295.26	
494708.19	5420714.50	305.64	
494708.14	5420729.50	313.16	
494708.55	5420751.90	314.10	
494709.21	5420718.90	307.24	
494708.57	5420540.80	266.53	
494707.36	5420438.30	259.67	
494706.60	5420407.70	265.76	
494705.58	5420355.80	270.30	
494706.51	5420321.80	255.79	
494706.36	5420345.90	268.95	
494707.95	5420410.30	264.16	
494708.50	5420426.70	260.07	
494708.78	5420441.10	260.54	
494708.83	5420444.10	260.86	
494708.98	5420455.70	262.76	
494709.69	5420495.40	265.39	
494710.77	5420554.20	269.07	
494711.35	5420598.40	276.59	
494712.43	5420680.20	290.62	
494712.59	5420698.90	295.73	
494712.63	5420739.70	313.20	
494713.43	5420737.40	314.06	
494713.65	5420675.60	289.98	
494713.54	5420662.20	287.90	
494713.36	5420635.50	282.96	
494713.34	5420632.90	282.62	
494713.28	5420627.30	282.05	
494712.98	5420584.00	274.17	
494712.96	5420581.30	273.68	
494712.80	5420553.80	267.90	
494711.63	5420475.30	265.96	
494711.29	5420440.60	261.45	
494709.68	5420385.40	276.00	
494709.55	5420323.90	257.55	
494709.60	5420320.10	255.25	
494710.39	5420327.30	257.24	
494710.28	5420347.80	268.71	
494710.88	5420392.20	276.40	
494710.96	5420394.80	276.02	
494712.58	5420434.70	260.95	
494712.68	5420440.40	261.54	
494712.78	5420446.20	261.99	
494714.04	5420505.70	263.44	
494714.29	5420516.80	263.35	
494714.70	5420539.40	265.46	
494714.80	5420542.20	264.63	
494715.07	5420564.50	269.43	
494715.34	5420589.30	275.24	
494715.95	5420632.90	283.03	
494716.31	5420649.70	283.46	
494716.31	5420652.30	284.60	
494716.66	5420682.00	291.18	
494716.70	5420684.80	291.64	
494716.95	5420711.30	299.03	
494716.94	5420716.40	301.67	
494716.91	5420739.00	312.99	
494716.92	5420741.60	313.94	
494717.95	5420685.30	291.72	
494717.59	5420640.00	283.38	
494716.90	5420555.60	268.13	
494715.52	5420477.30	268.85	
494715.50	5420468.70	266.12	
494715.43	5420454.00	262.31	
494714.81	5420419.50	262.64	
494713.68	5420393.30	276.44	
494713.18	5420351.00	271.30	
494716.89	5420453.80	262.27	
494718.10	5420507.70	263.36	
494718.17	5420510.50	263.33	
494718.64	5420530.10	263.16	
494718.95	5420544.10	263.50	
494719.25	5420566.60	268.31	
494719.59	5420596.90	276.04	
494719.87	5420610.60	277.01	
494720.47	5420649.00	283.41	
494721.32	5420713.70	297.82	
494721.31	5420738.90	310.67	
494721.30	5420743.70	313.38	
494722.18	5420744.10	313.03	
494722.28	5420732.40	306.77	
494722.33	5420727.80	304.20	
494722.43	5420713.50	296.92	
494722.08	5420674.00	289.49	
494722.07	5420661.00	284.81	
494722.09	5420658.50	283.50	
494721.85	5420644.70	283.43	
494721.82	5420642.10	283.00	
494720.81	5420535.10	263.32	
494720.62	5420524.00	263.16	
494720.35	5420510.00	263.29	
494720.24	5420504.30	263.37	
494719.84	5420490.40	266.33	
494719.61	5420482.10	267.79	
494719.40	5420470.90	267.90	
494719.28	5420465.20	268.08	
494719.29	5420453.30	263.33	
494718.75	5420424.50	263.25	
494717.79	5420400.50	273.75	
494717.27	5420377.80	275.71	
494716.86	5420354.10	274.86	
494717.69	5420353.70	275.34	
494719.75	5420419.90	266.76	
494720.43	5420436.00	261.05	
494721.07	5420473.50	266.79	
494721.78	5420495.60	263.54	
494721.85	5420498.50	263.52	
494722.91	5420543.40	264.73	
494723.71	5420585.30	269.91	
494723.83	5420596.40	273.10	
494724.79	5420653.90	283.18	
494725.40	5420699.60	294.36	
494725.72	5420718.70	297.64	
494725.72	5420741.30	309.60	
494725.70	5420746.20	312.58	
494726.32	5420670.70	287.70	
494726.37	5420660.60	282.78	
494726.00	5420628.20	277.17	
494725.56	5420584.50	268.66	
494725.45	5420579.00	268.59	
494724.49	5420517.50	263.26	
494724.08	5420497.90	263.57	
494723.39	5420472.90	267.53	
494722.13	5420416.20	269.79	
494720.82	5420365.10	275.37	
494722.84	5420400.20	271.26	
494726.01	5420506.40	263.39	
494726.84	5420537.30	262.98	
494727.48	5420559.80	262.17	
494727.61	5420576.40	268.43	
494727.74	5420582.00	268.70	
494727.89	5420587.70	268.75	
494729.26	5420674.90	288.31	
494730.11	5420751.10	313.09	
494730.11	5420753.60	314.39	
494731.03	5420741.90	307.19	
494731.12	5420725.30	298.36	
494730.80	5420689.10	289.48	
494730.59	5420678.20	289.10	
494730.51	5420660.00	282.94	
494729.71	5420589.60	268.77	
494729.56	5420581.20	268.32	
494727.98	5420497.30	263.62	
494726.98	5420458.00	266.69	
494726.69	5420440.50	264.82	
494726.37	5420429.40	266.42	
494725.31	5420393.00	272.00	
494724.92	5420378.80	273.65	
494724.30	5420359.20	277.49	
494724.90	5420317.00	259.37	
494724.92	5420333.70	268.30	
494729.27	5420483.40	263.84	
494730.15	5420514.30	263.41	
494730.93	5420542.50	263.49	
494732.45	5420609.40	270.77	
494732.55	5420617.50	273.33	
494734.06	5420707.10	294.30	
494734.09	5420714.80	298.21	
494735.43	5420744.20	306.14	
494735.37	5420727.20	299.60	
494735.18	5420706.70	294.20	
494734.79	5420665.00	282.86	
494734.66	5420659.50	282.97	
494734.61	5420656.70	282.67	
494734.26	5420629.80	277.42	
494734.24	5420621.80	273.99	
494733.77	5420586.30	267.10	
494733.71	5420572.50	261.86	
494733.05	5420547.30	263.43	
494731.32	5420477.10	265.53	
494731.02	5420462.90	264.81	
494728.53	5420375.40	273.94	
494728.55	5420319.50	259.53	
494728.52	5420343.60	274.39	
494728.89	5420358.00	275.30	
494729.24	5420369.00	274.69	
494729.34	5420371.80	274.37	
494731.49	5420432.60	266.81	
494732.42	5420460.50	264.33	
494732.65	5420469.00	264.84	
494733.02	5420480.20	263.90	
494734.64	5420533.60	262.99	
494734.98	5420544.80	262.74	
494736.87	5420630.90	276.30	
494737.89	5420682.70	287.25	
494737.90	5420685.10	288.59	
494738.20	5420698.80	290.79	
494738.91	5420749.10	307.16	
494739.66	5420731.80	300.73	
494739.17	5420680.60	285.62	
494738.73	5420646.00	277.25	
494738.46	5420632.20	275.93	
494737.63	5420574.80	264.11	
494737.06	5420549.60	262.90	
494735.04	5420470.80	264.11	
494734.09	5420436.90	266.12	
494733.17	5420405.80	268.98	
494732.89	5420400.50	272.05	
494732.13	5420374.80	274.31	
494731.97	5420369.20	274.73	
494732.03	5420340.30	273.42	
494733.02	5420374.40	274.75	
494733.75	5420393.50	271.88	
494733.91	5420399.30	272.13	
494734.22	5420404.30	268.97	
494735.41	5420437.70	265.87	
494736.54	5420471.40	264.07	
494737.07	5420488.20	263.90	
494737.70	5420507.90	263.48	
494737.74	5420510.70	264.34	
494738.25	5420524.80	262.93	
494740.38	5420597.80	266.05	
494740.67	5420611.70	269.14	
494741.01	5420628.10	272.73	
494741.30	5420644.40	277.28	
494741.53	5420655.40	279.63	
494741.90	5420671.90	282.63	
494742.43	5420701.30	291.09	
494743.09	5420738.70	301.87	
494744.08	5420741.90	302.21	
494743.78	5420714.20	293.73	
494743.70	5420711.40	293.84	
494743.61	5420698.80	288.94	
494743.40	5420685.40	286.03	
494743.41	5420683.10	284.75	
494743.16	5420669.60	282.67	
494742.79	5420645.50	277.30	
494742.12	5420594.00	263.28	
494741.12	5420554.80	262.46	
494740.88	5420546.20	262.73	
494740.50	5420532.30	262.90	
494740.42	5420529.50	262.98	
494739.79	5420510.00	265.26	
494739.70	5420504.20	263.96	
494739.47	5420498.80	265.80	
494738.40	5420456.30	264.49	
494738.15	5420447.70	264.82	
494738.07	5420444.90	264.96	
494734.92	5420352.00	278.31	
494736.81	5420376.30	271.74	
494737.44	5420396.10	272.13	
494738.68	5420419.80	262.46	
494739.60	5420451.40	264.72	
494740.85	5420488.00	263.80	
494743.92	5420580.70	263.23	
494745.27	5420638.80	275.17	
494746.09	5420674.40	282.62	
494746.19	5420677.20	282.54	
494747.08	5420727.70	298.87	
494747.52	5420746.70	302.99	
494748.45	5420758.40	308.29	
494748.45	5420756.20	306.96	
494748.09	5420733.60	301.73	
494746.98	5420650.70	277.32	
494746.79	5420640.00	275.07	
494746.30	5420610.10	267.82	
494745.56	5420576.80	263.84	
494745.32	5420565.60	262.14	
494744.91	5420551.60	262.48	
494743.10	5420489.70	263.61	
494742.60	5420472.70	263.94	
494742.26	5420461.50	264.30	
494740.60	5420404.10	264.61	
494739.94	5420394.10	272.40	
494739.32	5420351.80	276.05	
494739.52	5420357.20	275.77	
494739.75	5420362.70	274.82	
494740.91	5420393.20	272.39	
494742.67	5420427.80	260.81	
494742.98	5420442.70	264.90	
494743.28	5420451.20	264.74	
494743.49	5420456.80	264.44	
494744.19	5420476.50	264.01	
494744.74	5420493.50	264.73	
494745.58	5420515.90	263.38	
494748.68	5420613.80	269.62	
494750.01	5420666.10	279.80	
494750.72	5420698.40	288.68	
494751.34	5420725.30	295.54	
494751.87	5420752.00	304.06	
494752.02	5420762.20	308.42	
494752.75	5420754.00	304.40	
494752.37	5420733.80	299.99	
494752.37	5420726.80	295.69	
494752.19	5420716.50	293.28	
494752.01	5420710.80	293.47	
494751.45	5420672.00	281.43	
494751.17	5420656.00	277.24	
494750.94	5420645.20	275.37	
494749.85	5420587.80	262.51	
494749.11	5420562.50	262.16	
494749.02	5420559.70	262.22	
494748.24	5420534.40	262.63	
494747.32	5420506.30	264.07	
494747.03	5420501.00	266.78	
494746.92	5420492.20	263.50	
494746.20	5420469.70	264.46	
494745.85	5420458.30	264.41	
494741.66	5420342.40	278.03	
494744.60	5420392.20	268.91	
494745.24	5420402.60	263.53	
494745.47	5420408.10	262.87	
494746.43	5420436.90	264.52	
494747.27	5420462.50	266.17	
494748.09	5420482.00	263.93	
494749.25	5420512.80	262.99	
494749.99	5420532.50	262.47	
494750.82	5420555.00	262.31	
494752.67	5420611.10	266.33	
494753.35	5420633.40	269.24	
494755.04	5420711.30	293.58	
494756.09	5420754.30	304.88	
494757.03	5420758.90	305.48	
494756.77	5420748.60	304.43	
494756.49	5420721.70	292.93	
494755.56	5420669.50	278.34	
494755.03	5420645.10	273.34	
494754.72	5420628.90	269.19	
494750.81	5420497.70	263.69	
494747.29	5420392.30	266.48	
494745.67	5420356.50	276.14	
494745.03	5420324.00	267.38	
494751.37	5420473.50	265.73	
494751.49	5420476.40	265.52	
494751.78	5420481.90	264.02	
494752.11	5420490.20	263.66	
494752.41	5420498.70	264.14	
494753.02	5420512.70	262.48	
494754.42	5420549.20	262.22	
494754.97	5420563.30	261.96	
494755.62	5420580.20	261.78	
494756.65	5420611.20	265.02	
494756.58	5420616.20	270.62	
494757.50	5420639.00	269.64	
494759.86	5420733.40	296.35	
494760.29	5420715.60	295.19	
494760.12	5420700.50	288.21	
494759.71	5420679.70	282.44	
494759.54	5420666.70	277.14	
494758.65	5420628.70	269.23	
494758.24	5420609.50	264.31	
494758.20	5420604.00	261.48	
494756.01	5420539.50	262.00	
494755.47	5420522.70	261.33	
494755.04	5420511.50	262.42	
494751.75	5420411.30	260.32	
494751.19	5420400.30	264.41	
494750.81	5420388.50	263.84	
494748.80	5420347.40	276.84	
494751.35	5420376.30	262.12	
494752.67	5420407.50	260.29	
494753.63	5420436.60	264.14	
494753.96	5420445.10	264.34	
494754.18	5420450.80	264.46	
494756.13	5420498.50	263.13	
494758.53	5420557.60	262.10	
494759.10	5420571.70	261.82	
494759.79	5420588.70	261.64	
494760.50	5420616.20	269.85	
494761.69	5420649.80	272.92	
494761.70	5420652.20	274.86	
494764.20	5420746.20	301.87	
494764.24	5420748.70	303.10	
494765.15	5420751.10	304.15	
494764.20	5420710.00	294.27	
494764.19	5420703.00	289.22	
494764.17	5420700.50	288.00	
494763.70	5420679.50	282.40	
494763.50	5420666.40	277.05	
494763.12	5420647.80	271.36	
494762.84	5420636.90	269.33	
494762.64	5420631.20	269.24	
494761.96	5420601.10	261.43	
494758.63	5420508.40	262.53	
494758.54	5420505.70	262.56	
494757.59	5420483.30	265.72	
494756.25	5420443.40	264.15	
494754.00	5420375.70	260.62	
494752.72	5420343.70	278.03	
494755.94	5420401.50	260.33	
494760.04	5420503.90	262.66	
494761.37	5420534.90	261.63	
494763.60	5420588.50	261.53	
494763.71	5420591.30	261.54	
494765.61	5420649.60	272.71	
494767.10	5420708.20	293.18	
494769.33	5420753.60	304.14	
494769.16	5420737.00	295.07	
494768.35	5420715.20	295.33	
494767.32	5420663.30	277.26	
494764.62	5420569.80	261.75	
494762.89	5420522.10	261.07	
494761.67	5420497.30	267.42	
494761.70	5420494.10	264.17	
494760.68	5420475.20	271.06	
494760.48	5420463.30	265.78	
494758.68	5420407.80	260.23	
494758.55	5420405.10	260.84	
494757.68	5420381.40	260.42	
494759.68	5420407.30	260.15	
494760.04	5420415.90	260.19	
494762.84	5420496.20	273.69	
494764.82	5420529.10	261.62	
494765.39	5420543.20	262.37	
494765.77	5420551.60	261.96	
494767.74	5420596.80	261.57	
494769.06	5420635.80	269.27	
494770.32	5420679.00	282.35	
494771.07	5420705.70	291.18	
494773.22	5420768.70	303.78	
494773.85	5420764.50	303.26	
494773.28	5420737.30	293.69	
494772.49	5420715.50	292.90	
494770.03	5420624.90	271.58	
494769.74	5420606.20	262.48	
494769.04	5420586.60	261.50	
494768.60	5420575.30	261.64	
494767.83	5420555.70	261.86	
494766.76	5420527.60	261.49	
494766.62	5420524.90	262.27	
494765.04	5420497.40	273.53	
494763.93	5420469.60	274.14	
494763.86	5420457.30	265.58	
494762.93	5420431.50	263.90	
494760.67	5420369.30	260.49	
494759.39	5420355.80	276.88	
494765.15	5420468.50	275.97	
494770.01	5420562.80	261.71	
494771.53	5420596.70	261.49	
494773.04	5420638.50	269.22	
494774.63	5420692.30	287.04	
494774.97	5420700.50	287.66	
494776.01	5420728.30	292.09	
494777.05	5420729.30	292.08	
494776.29	5420712.30	294.02	
494776.21	5420709.70	293.50	
494775.83	5420691.70	286.46	
494774.79	5420652.10	275.10	
494774.65	5420641.80	269.18	
494774.31	5420633.30	269.29	
494771.77	5420561.00	261.79	
494771.55	5420555.40	261.78	
494771.43	5420552.70	261.90	
494769.14	5420508.30	273.21	
494768.26	5420492.00	278.03	
494766.95	5420461.70	280.09	
494763.21	5420349.00	277.35	
494763.64	5420356.80	275.80	
494765.61	5420384.10	260.19	
494766.93	5420412.70	260.02	
494767.98	5420448.50	272.61	
494768.29	5420463.40	280.50	
494769.19	5420482.60	280.02	
494773.32	5420554.10	261.90	
494773.59	5420559.70	261.68	
494774.12	5420571.00	261.53	
494775.43	5420599.30	261.39	
494776.86	5420638.20	269.14	
494777.22	5420651.70	274.90	
494777.26	5420654.10	276.71	
494778.76	5420697.50	287.62	
494779.98	5420728.10	291.93	
494780.80	5420752.30	298.76	
494780.94	5420755.20	298.55	
494781.89	5420775.90	298.65	
494781.14	5420731.80	291.90	
494780.12	5420704.60	289.98	
494780.08	5420702.20	288.55	
494778.64	5420651.80	275.03	
494776.90	5420594.50	261.50	
494776.78	5420591.60	261.58	
494775.38	5420557.90	261.73	
494775.25	5420555.00	261.82	
494774.45	5420535.40	261.60	
494773.30	5420518.90	271.82	
494770.13	5420433.60	263.38	
494768.81	5420398.10	260.00	
494767.68	5420371.80	260.61	
494766.42	5420357.50	275.20	
494766.09	5420352.30	277.65	
494766.50	5420345.90	277.35	
494767.83	5420362.20	265.15	
494770.17	5420406.80	259.93	
494771.41	5420455.00	282.14	
494773.52	5420496.00	278.49	
494773.83	5420498.50	274.16	
494774.11	5420503.90	273.68	
494774.49	5420512.20	273.93	
494776.88	5420551.00	262.01	
494777.57	5420565.10	261.50	
494781.59	5420665.10	277.30	
494784.20	5420733.50	291.74	
494784.59	5420744.40	294.36	
494784.79	5420749.90	295.73	
494785.69	5420749.70	295.31	
494785.53	5420744.60	294.07	
494784.61	5420720.40	291.78	
494783.99	5420701.70	288.17	
494783.20	5420673.10	278.92	
494783.05	5420667.80	277.27	
494782.81	5420662.20	277.38	
494781.90	5420632.60	269.75	
494781.37	5420616.20	265.98	
494777.32	5420526.80	271.31	
494774.57	5420472.10	280.21	
494772.03	5420391.80	259.99	
494769.38	5420348.90	277.56	
494769.79	5420343.10	277.40	
494776.80	5420490.20	279.70	
494779.86	5420536.70	262.13	
494781.38	5420567.40	261.49	
494782.48	5420590.10	261.54	
494783.53	5420612.60	262.58	
494783.61	5420615.50	263.83	
494784.45	5420637.50	269.18	
494786.25	5420688.90	284.82	
494787.68	5420724.40	291.63	
494789.55	5420764.80	293.81	
494790.84	5420774.80	292.69	
494790.60	5420769.20	292.67	
494787.89	5420703.80	289.52	
494787.47	5420690.80	286.15	
494787.31	5420683.00	282.41	
494785.93	5420637.80	269.10	
494784.09	5420587.90	261.53	
494783.71	5420579.40	261.59	
494782.45	5420551.40	262.26	
494778.87	5420488.10	280.07	
494778.25	5420474.30	280.36	
494778.08	5420471.70	281.46	
494777.14	5420432.70	264.23	
494776.67	5420417.60	259.81	
494776.02	5420403.00	259.86	
494772.55	5420342.40	277.37	
494773.87	5420356.60	277.90	
494777.28	5420408.80	259.83	
494778.25	5420448.90	282.25	
494780.94	5420500.90	279.66	
494781.14	5420503.40	278.10	
494783.60	5420538.90	262.60	
494785.15	5420569.90	262.51	
494787.04	5420606.70	261.23	
494787.50	5420623.00	269.04	
494787.77	5420628.60	269.11	
494788.05	5420634.20	269.21	
494788.57	5420647.90	272.81	
494788.91	5420658.70	277.28	
494789.18	5420664.10	277.36	
494789.33	5420667.10	277.29	
494790.34	5420696.40	287.38	
494790.50	5420699.30	287.23	
494794.40	5420780.30	290.26	
494794.82	5420772.50	289.42	
494794.31	5420761.50	289.69	
494794.19	5420758.60	289.62	
494791.46	5420695.40	287.46	
494791.11	5420682.60	282.39	
494790.25	5420658.30	277.35	
494790.12	5420655.60	277.50	
494790.00	5420647.90	272.55	
494789.80	5420639.90	269.05	
494789.42	5420631.50	269.14	
494787.52	5420581.70	261.51	
494786.65	5420564.70	263.86	
494786.59	5420562.00	262.56	
494782.59	5420490.20	279.85	
494782.47	5420487.60	279.86	
494781.65	5420471.00	281.43	
494781.42	5420465.50	281.07	
494780.66	5420432.20	264.25	
494780.61	5420428.70	261.78	
494779.77	5420408.20	259.74	
494779.65	5420405.30	259.66	
494779.51	5420402.40	259.82	
494778.83	5420387.70	260.06	
494776.92	5420347.80	277.76	
494780.79	5420408.30	259.73	
494781.49	5420422.60	260.31	
494786.97	5420532.80	262.40	
494788.61	5420566.50	263.88	
494790.16	5420594.80	261.38	
494790.60	5420603.40	261.18	
494791.03	5420611.80	261.23	
494792.40	5420650.00	274.03	
494793.93	5420690.30	285.98	
494795.07	5420717.70	291.57	
494795.38	5420723.50	291.41	
494795.67	5420729.30	291.40	
494796.60	5420746.90	290.72	
494797.55	5420764.80	289.74	
494798.31	5420779.80	289.69	
494797.95	5420757.50	291.20	
494797.20	5420741.00	291.05	
494795.14	5420692.00	287.13	
494795.07	5420687.10	283.69	
494792.76	5420622.40	268.99	
494792.66	5420617.10	265.84	
494790.44	5420566.80	263.78	
494785.93	5420484.10	279.72	
494785.40	5420473.10	280.46	
494784.31	5420434.40	264.60	
494784.06	5420425.00	260.21	
494782.59	5420392.80	259.81	
494782.17	5420384.00	260.15	
494781.23	5420363.70	277.38	
494782.94	5420382.10	260.25	
494783.39	5420390.60	259.88	
494785.14	5420424.80	260.12	
494785.56	5420436.80	264.72	
494787.98	5420496.90	279.82	
494788.50	5420505.00	277.47	
494790.25	5420529.30	266.30	
494790.98	5420540.60	262.84	
494791.42	5420549.00	262.82	
494791.98	5420560.20	263.12	
494794.66	5420611.10	261.85	
494795.34	5420630.20	268.86	
494796.80	5420665.80	277.52	
494797.15	5420673.90	279.25	
494797.27	5420679.10	282.50	
494797.43	5420682.00	282.37	
494801.36	5420748.40	291.14	
494799.53	5420709.60	291.57	
494798.84	5420686.50	282.86	
494798.74	5420683.80	282.33	
494798.34	5420670.70	277.42	
494797.81	5420659.50	277.59	
494797.52	5420646.60	270.70	
494796.81	5420629.90	268.86	
494794.67	5420577.30	261.79	
494789.73	5420488.80	279.86	
494788.64	5420466.70	281.31	
494787.29	5420418.20	259.77	
494786.61	5420403.70	259.62	
494786.48	5420400.70	259.61	
494785.35	5420377.30	260.32	
494784.40	5420368.30	272.44	
494783.67	5420358.00	277.95	
494787.01	5420392.50	259.68	
494788.50	5420421.10	259.78	
494791.39	5420493.30	279.91	
494794.43	5420537.10	262.67	
494795.86	5420565.10	263.52	
494796.07	5420568.00	262.20	
494798.41	5420613.00	262.60	
494798.46	5420615.80	264.96	
494798.53	5420618.50	266.60	
494799.00	5420629.40	268.81	
494799.15	5420632.20	268.85	
494799.59	5420640.80	268.97	
494800.78	5420670.70	277.78	
494800.87	5420673.20	278.90	
494801.14	5420681.20	282.29	
494801.61	5420694.30	287.44	
494805.18	5420750.00	292.58	
494805.13	5420747.60	291.15	
494802.85	5420695.90	287.32	
494802.59	5420685.70	282.35	
494801.15	5420643.00	268.97	
494799.66	5420604.60	261.16	
494796.77	5420545.50	263.01	
494796.64	5420542.70	262.88	
494796.52	5420540.00	262.85	
494796.27	5420534.30	262.37	
494793.18	5420485.20	279.67	
494792.92	5420479.60	279.55	
494790.80	5420417.40	259.69	
494789.40	5420388.20	259.92	
494787.72	5420368.70	277.35	
494787.75	5420364.30	271.69	
494786.86	5420351.20	277.94	
494787.84	5420356.80	277.86	
494788.45	5420367.90	277.48	
494789.72	5420377.70	260.26	
494789.88	5420380.70	260.28	
494790.18	5420386.20	260.00	
494790.47	5420392.10	260.55	
494794.25	5420478.90	279.52	
494796.72	5420522.70	276.17	
494797.63	5420530.80	265.05	
494799.18	5420558.70	263.47	
494802.38	5420620.50	265.55	
494803.42	5420642.80	268.89	
494806.35	5420715.50	291.19	
494806.96	5420727.00	291.07	
494809.23	5420768.50	289.71	
494809.90	5420766.50	289.84	
494809.77	5420763.80	289.87	
494806.91	5420703.00	288.27	
494806.47	5420692.30	286.61	
494806.15	5420682.00	282.39	
494805.71	5420671.10	280.58	
494805.67	5420668.70	278.82	
494804.56	5420636.60	268.77	
494803.81	5420614.80	261.81	
494803.16	5420600.80	261.23	
494802.83	5420595.10	262.43	
494800.36	5420544.60	263.04	
494797.66	5420500.50	276.28	
494795.61	5420462.20	281.11	
494795.07	5420434.00	261.61	
494794.95	5420431.10	261.23	
494793.28	5420396.10	260.44	
494793.01	5420390.00	259.80	
494791.99	5420369.40	260.42	
494793.20	5420377.00	260.35	
494793.82	5420388.10	259.87	
494794.27	5420396.90	260.34	
494794.74	5420405.20	259.77	
494795.35	5420416.60	259.77	
494795.89	5420428.40	262.12	
494795.75	5420442.70	283.04	
494801.00	5420529.90	270.15	
494801.91	5420541.00	262.96	
494803.62	5420571.80	261.78	
494809.73	5420708.70	291.74	
494810.39	5420720.20	290.98	
494810.55	5420723.20	291.03	
494811.18	5420734.80	290.77	
494811.99	5420749.40	290.45	
494812.82	5420764.50	289.84	
494813.49	5420776.40	289.46	
494813.65	5420779.50	289.41	
494813.96	5420771.10	289.66	
494813.39	5420759.80	290.06	
494812.13	5420734.80	290.79	
494811.85	5420729.20	290.97	
494809.36	5420667.60	279.12	
494808.93	5420656.90	276.76	
494808.85	5420651.90	272.85	
494808.36	5420638.40	268.85	
494808.22	5420635.50	268.86	
494808.09	5420632.70	268.84	
494807.70	5420619.30	262.46	
494804.97	5420566.00	265.22	
494804.77	5420563.10	266.78	
494802.34	5420521.50	276.00	
494799.04	5420458.30	280.64	
494798.77	5420452.70	280.44	
494796.35	5420386.00	259.93	
494793.49	5420343.00	277.61	
494794.34	5420346.90	277.77	
494794.97	5420357.50	276.57	
494796.49	5420373.30	261.05	
494797.92	5420398.60	259.75	
494799.81	5420449.80	280.78	
494802.16	5420490.60	277.97	
494802.85	5420501.70	275.87	
494806.72	5420565.10	266.13	
494808.17	5420587.90	261.25	
494808.32	5420590.70	261.24	
494808.63	5420596.30	261.12	
494811.55	5420662.30	277.61	
494811.70	5420665.10	277.71	
494812.82	5420691.90	286.02	
494812.88	5420694.50	287.69	
494814.75	5420731.00	290.82	
494816.89	5420769.40	289.70	
494817.54	5420781.30	289.71	
494817.70	5420770.00	289.68	
494817.42	5420764.50	289.84	
494817.13	5420758.90	290.09	
494815.15	5420719.70	291.20	
494814.58	5420708.40	291.50	
494813.55	5420679.90	282.36	
494812.51	5420648.40	269.99	
494811.78	5420631.80	267.78	
494811.12	5420612.80	261.07	
494810.98	5420609.80	261.06	
494809.12	5420573.30	262.05	
494808.25	5420561.90	269.17	
494806.21	5420529.00	278.96	
494805.83	5420520.50	277.98	
494804.95	5420501.20	276.24	
494804.17	5420487.60	278.55	
494803.86	5420482.10	279.43	
494798.62	5420361.20	260.50	
494797.54	5420353.90	277.88	
494799.53	5420363.40	259.68	
494801.08	5420392.00	260.07	
494802.32	5420414.80	260.57	
494803.08	5420429.00	261.00	
494803.79	5420456.90	280.89	
494804.24	5420465.20	281.06	
494806.05	5420495.20	277.27	
494810.96	5420572.70	262.18	
494811.93	5420589.60	261.41	
494815.77	5420674.70	282.20	
494817.16	5420704.70	288.53	
494817.24	5420707.20	290.00	
494817.32	5420709.60	291.35	
494819.30	5420744.60	290.38	
494821.65	5420786.40	289.48	
494819.45	5420729.80	290.67	
494819.23	5420726.70	292.13	
494818.46	5420710.20	290.98	
494817.82	5420694.50	287.33	
494817.71	5420689.50	284.04	
494817.66	5420687.20	282.41	
494817.11	5420676.00	282.17	
494816.33	5420652.50	272.64	
494815.56	5420631.00	265.10	
494815.42	5420628.30	265.11	
494815.28	5420625.30	265.08	
494814.18	5420600.30	261.17	
494811.26	5420555.30	276.94	
494809.99	5420541.60	291.07	
494809.86	5420538.90	290.85	
494809.33	5420525.20	287.32	
494806.54	5420464.50	280.87	
494805.54	5420445.00	281.24	
494805.38	5420442.30	281.75	
494805.21	5420439.60	282.45	
494805.38	5420424.70	260.01	
494805.08	5420418.90	260.31	
494804.96	5420415.80	259.49	
494804.52	5420407.10	259.37	
494802.97	5420378.00	261.12	
494801.58	5420350.50	277.80	
494805.09	5420399.10	258.63	
494808.75	5420480.70	279.79	
494809.57	5420497.30	282.43	
494810.10	5420508.30	284.56	
494810.36	5420513.80	285.75	
494811.06	5420530.20	290.91	
494811.46	5420538.40	292.38	
494812.23	5420549.20	288.29	
494814.56	5420571.70	262.10	
494817.94	5420636.10	267.39	
494818.50	5420647.30	268.96	
494821.06	5420708.80	290.59	
494823.68	5420755.30	289.97	
494824.53	5420770.20	289.66	
494824.86	5420776.10	289.65	
494823.88	5420742.70	290.34	
494822.28	5420711.80	291.36	
494821.45	5420688.70	283.11	
494820.03	5420651.50	271.73	
494819.59	5420640.60	268.83	
494819.41	5420635.30	266.62	
494819.36	5420632.60	264.78	
494818.69	5420618.70	263.77	
494817.43	5420593.50	263.13	
494813.12	5420532.50	292.95	
494812.87	5420526.90	291.91	
494811.85	5420502.20	286.19	
494810.35	5420468.90	281.39	
494808.73	5420420.60	260.63	
494804.80	5420357.40	277.88	
494804.94	5420346.80	277.66	
494805.24	5420352.20	277.75	
494805.54	5420357.70	277.92	
494805.69	5420360.40	278.07	
494807.58	5420381.60	261.04	
494809.41	5420412.30	258.73	
494811.34	5420463.10	281.12	
494812.62	5420488.20	284.51	
494814.30	5420523.80	292.72	
494815.24	5420542.80	295.83	
494815.70	5420550.80	295.55	
494823.57	5420680.80	282.92	
494824.02	5420689.20	283.33	
494824.32	5420697.00	286.76	
494824.50	5420700.00	286.67	
494824.77	5420705.50	287.64	
494828.45	5420772.00	289.46	
494828.97	5420781.10	289.37	
494829.10	5420769.60	289.58	
494827.62	5420741.40	290.29	
494826.56	5420721.70	291.73	
494825.82	5420703.40	286.64	
494825.36	5420694.90	287.39	
494823.74	5420650.30	271.14	
494822.78	5420623.40	260.73	
494822.47	5420617.80	261.20	
494821.75	5420603.60	260.97	
494817.65	5420552.80	297.66	
494816.70	5420531.30	293.97	
494814.76	5420487.60	286.64	
494814.63	5420484.70	285.99	
494814.52	5420482.00	285.21	
494814.44	5420479.00	283.54	
494813.51	5420459.40	281.66	
494812.16	5420416.30	259.85	
494809.38	5420362.00	277.95	
494810.41	5420378.10	275.15	
494815.75	5420479.00	285.03	
494817.67	5420517.30	291.38	
494818.34	5420530.80	293.78	
494824.29	5420611.90	260.85	
494824.77	5420620.40	260.75	
494825.26	5420628.90	260.62	
494825.41	5420634.20	264.55	
494826.72	5420666.60	277.81	
494828.69	5420709.60	289.92	
494830.65	5420744.00	290.06	
494831.68	5420761.90	289.62	
494832.41	5420759.90	289.64	
494832.12	5420754.30	289.82	
494831.01	5420734.40	291.76	
494828.61	5420680.80	282.65	
494828.55	5420678.30	280.89	
494827.59	5420654.30	273.90	
494823.56	5420568.50	263.86	
494821.04	5420546.20	297.66	
494818.03	5420477.80	284.56	
494816.10	5420438.80	282.01	
494812.21	5420360.70	277.83	
494817.18	5420421.90	260.15	
494819.13	5420472.20	283.45	
494820.80	5420505.40	289.27	
494822.16	5420532.50	294.25	
494822.57	5420540.60	295.70	
494827.82	5420608.00	260.95	
494829.35	5420638.50	266.70	
494830.14	5420659.70	277.40	
494830.60	5420668.00	277.96	
494831.10	5420678.90	281.14	
494831.54	5420687.30	282.08	
494831.82	5420694.90	286.29	
494832.13	5420700.50	286.47	
494832.30	5420703.50	286.45	
494834.42	5420743.00	290.18	
494836.67	5420781.60	289.45	
494836.35	5420761.50	289.61	
494834.57	5420728.00	290.35	
494833.47	5420703.80	286.46	
494833.16	5420698.20	286.69	
494833.03	5420695.50	286.47	
494832.97	5420693.00	284.77	
494832.41	5420679.70	281.51	
494832.36	5420677.30	279.69	
494831.50	5420658.30	276.20	
494831.28	5420648.20	268.68	
494831.14	5420645.50	268.64	
494827.79	5420578.50	264.98	
494825.61	5420558.50	293.43	
494822.35	5420493.60	290.06	
494821.83	5420479.40	284.57	
494821.70	5420476.60	284.10	
494821.58	5420473.80	283.55	
494820.46	5420451.40	282.01	
494819.58	5420434.80	282.52	
494817.97	5420387.50	260.34	
494816.57	5420373.90	277.94	
494816.42	5420371.10	277.86	
494816.27	5420368.20	277.83	
494815.65	5420356.30	277.77	
494816.90	5420365.40	277.84	
494817.06	5420368.20	277.89	
494821.72	5420451.80	282.27	
494823.09	5420476.60	283.84	
494823.72	5420493.70	292.86	
494824.88	5420515.30	295.05	
494825.37	5420523.30	294.39	
494829.02	5420564.30	262.34	
494830.69	5420595.10	265.23	
494830.84	5420597.80	265.38	
494831.30	5420603.70	262.38	
494832.37	5420621.00	260.44	
494833.77	5420653.60	272.73	
494834.02	5420661.30	277.87	
494834.67	5420672.50	277.76	
494834.98	5420680.40	281.57	
494835.11	5420683.10	282.38	
494835.65	5420694.00	284.65	
494838.19	5420741.70	290.12	
494840.62	5420783.20	289.54	
494840.79	5420786.30	289.67	
494840.58	5420768.50	289.43	
494838.80	5420735.10	290.11	
494837.52	5420708.00	286.64	
494837.39	5420705.30	286.30	
494836.95	5420696.90	286.45	
494836.58	5420686.70	282.14	
494835.76	5420667.90	277.94	
494835.39	5420659.80	276.44	
494834.50	5420630.90	260.66	
494834.36	5420628.00	260.61	
494833.15	5420605.50	261.13	
494831.33	5420574.30	265.53	
494831.10	5420568.70	263.99	
494828.87	5420551.80	297.74	
494826.43	5420503.50	295.20	
494823.32	5420418.30	259.91	
494819.90	5420366.70	277.93	
494819.60	5420360.90	277.70	
494819.29	5420355.00	277.66	
494824.45	5420434.20	282.41	
494824.61	5420436.80	282.11	
494826.05	5420461.70	282.46	
494826.84	5420478.50	287.21	
494827.70	5420498.10	294.42	
494828.61	5420514.20	294.96	
494830.84	5420554.30	297.92	
494831.77	5420560.00	282.87	
494837.89	5420660.30	276.04	
494839.61	5420695.70	284.73	
494840.41	5420712.00	288.55	
494841.54	5420711.90	288.08	
494841.21	5420704.10	286.05	
494839.99	5420675.00	277.86	
494838.70	5420642.90	267.46	
494838.13	5420626.90	260.50	
494837.83	5420621.20	260.47	
494834.92	5420570.20	265.76	
494834.75	5420564.80	262.68	
494832.62	5420550.60	297.82	
494832.22	5420542.50	296.88	
494830.60	5420510.30	294.66	
494824.90	5420383.70	268.46	
494823.71	5420368.30	277.90	
494823.90	5420357.60	277.72	
494830.41	5420474.70	286.64	
494834.43	5420550.60	297.88	
494834.75	5420556.00	297.94	
494837.76	5420586.90	267.51	
494841.00	5420640.80	265.51	
494841.18	5420645.90	268.71	
494841.67	5420656.90	272.47	
494841.84	5420661.90	275.77	
494842.57	5420675.80	277.87	
494842.81	5420681.10	279.95	
494842.88	5420683.50	281.62	
494843.04	5420686.40	282.10	
494844.02	5420705.60	285.86	
494844.37	5420713.50	288.70	
494845.32	5420730.40	289.75	
494848.11	5420777.70	289.53	
494849.26	5420785.10	289.72	
494846.60	5420735.30	289.81	
494846.30	5420729.70	289.84	
494845.80	5420721.10	290.65	
494845.31	5420708.30	285.82	
494842.62	5420644.40	267.69	
494839.67	5420588.40	266.58	
494835.72	5420536.00	296.13	
494834.34	5420509.00	294.68	
494832.97	5420478.70	288.15	
494832.83	5420475.90	287.78	
494832.47	5420467.30	285.14	
494830.21	5420406.90	260.04	
494827.85	5420375.60	277.59	
494827.22	5420364.00	277.85	
494827.72	5420359.00	277.68	
494829.38	5420386.40	276.50	
494830.83	5420399.90	260.09	
494831.50	5420411.30	260.21	
494833.39	5420459.50	284.53	
494835.59	5420503.80	295.17	
494837.01	5420528.00	295.39	
494842.43	5420599.80	265.06	
494843.13	5420608.70	260.65	
494844.91	5420642.20	265.84	
494845.44	5420653.20	268.90	
494847.45	5420696.40	282.99	
494852.80	5420778.40	289.34	
494852.65	5420775.70	289.37	
494849.11	5420707.00	285.65	
494848.12	5420685.60	281.70	
494847.98	5420680.50	278.26	
494844.24	5420601.10	264.73	
494843.41	5420587.10	266.75	
494839.31	5420531.90	295.89	
494838.48	5420515.70	294.93	
494834.78	5420437.80	282.33	
494834.00	5420423.90	283.00	
494832.28	5420389.00	278.77	
494831.95	5420383.30	279.28	
494831.05	5420365.60	277.97	
494830.09	5420347.80	277.63	
494830.75	5420347.00	277.59	
494831.04	5420352.70	278.91	
494831.21	5420355.30	278.44	
494834.88	5420419.60	282.18	
494836.92	5420455.50	284.77	
494837.87	5420472.20	285.93	
494842.08	5420550.90	298.00	
494845.64	5420590.10	266.40	
494849.23	5420651.90	268.65	
494850.31	5420676.00	278.05	
494852.45	5420719.30	289.39	
494853.65	5420739.60	289.35	
494855.05	5420763.20	289.45	
494855.21	5420766.00	289.63	
494856.95	5420782.60	289.45	
494853.10	5420708.50	285.46	
494852.94	5420705.60	285.54	
494852.63	5420697.90	282.66	
494852.55	5420695.50	281.61	
494850.23	5420639.30	263.14	
494850.17	5420636.80	261.05	
494849.24	5420619.80	261.40	
494843.78	5420544.00	296.68	
494843.24	5420533.30	295.48	
494843.11	5420530.60	295.19	
494841.66	5420503.70	295.08	
494839.09	5420447.80	283.34	
494838.67	5420439.20	282.09	
494837.43	5420416.90	282.92	
494835.68	5420381.80	278.75	
494834.43	5420358.20	277.87	
494834.05	5420353.10	280.69	
494837.26	5420392.50	277.57	
494840.54	5420451.70	284.27	
494844.04	5420517.50	295.45	
494844.69	5420528.20	295.26	
494845.17	5420536.30	295.64	
494847.87	5420571.70	280.31	
494850.64	5420606.00	261.67	
494852.07	5420629.00	260.31	
494853.58	5420661.70	271.82	
494854.13	5420674.80	278.20	
494854.76	5420688.20	282.59	
494855.42	5420699.50	282.92	
494855.62	5420704.60	285.92	
494856.00	5420710.50	285.13	
494856.49	5420721.10	288.87	
494858.41	5420737.00	289.51	
494857.97	5420728.60	289.13	
494857.49	5420718.10	286.74	
494857.12	5420710.00	285.14	
494856.54	5420696.80	281.48	
494853.09	5420618.50	260.46	
494846.90	5420529.30	295.37	
494846.43	5420521.20	296.06	
494844.76	5420485.70	289.07	
494844.47	5420480.30	289.01	
494843.67	5420463.30	285.93	
494842.99	5420449.30	283.78	
494842.84	5420446.40	283.38	
494839.55	5420383.30	279.28	
494838.78	5420368.80	278.73	
494841.39	5420400.40	281.55	
494842.40	5420416.80	281.13	
494845.35	5420469.50	286.71	
494845.97	5420480.80	288.27	
494848.13	5420521.70	296.25	
494848.64	5420529.80	295.52	
494849.59	5420545.90	296.16	
494851.13	5420572.40	297.88	
494857.59	5420663.20	271.82	
494858.68	5420687.10	281.10	
494860.63	5420723.20	286.96	
494860.79	5420726.00	287.12	
494861.64	5420740.50	287.61	
494864.55	5420777.20	289.67	
494864.10	5420768.90	289.59	
494863.84	5420763.50	288.92	
494862.72	5420741.80	286.95	
494861.84	5420725.10	286.30	
494861.57	5420719.80	285.62	
494858.07	5420639.50	262.67	
494856.92	5420617.10	260.43	
494854.80	5420585.60	270.80	
494852.51	5420562.70	298.05	
494848.66	5420487.30	290.64	
494847.32	5420459.20	285.41	
494846.78	5420447.90	283.44	
494845.32	5420419.40	280.77	
494842.92	5420359.80	278.19	
494844.87	5420393.40	280.22	
494845.86	5420410.10	280.75	
494847.34	5420435.10	281.70	
494848.23	5420451.70	284.60	
494849.17	5420468.50	286.65	
494852.94	5420536.60	295.85	
494858.52	5420606.40	260.53	
494859.85	5420629.10	261.56	
494860.61	5420643.10	263.98	
494861.60	5420664.60	272.31	
494862.83	5420691.20	282.44	
494867.82	5420777.30	288.10	
494869.03	5420784.60	287.67	
494868.03	5420765.70	286.54	
494867.90	5420762.90	286.13	
494867.48	5420754.70	285.36	
494864.04	5420688.70	280.41	
494859.90	5420601.30	262.95	
494859.65	5420598.30	265.20	
494857.24	5420577.50	298.10	
494856.95	5420572.10	297.87	
494856.23	5420558.80	297.83	
494856.08	5420556.10	297.78	
494855.81	5420550.90	297.37	
494853.61	5420510.70	296.90	
494850.32	5420440.70	282.14	
494849.13	5420418.00	280.48	
494848.49	5420406.50	280.59	
494845.97	5420360.20	279.53	
494845.79	5420357.40	280.36	
494845.47	5420351.60	280.38	
494845.19	5420345.00	277.87	
494846.04	5420347.80	278.64	
494846.17	5420350.90	280.15	
494846.66	5420359.00	280.41	
494846.84	5420361.50	279.62	
494849.34	5420403.10	280.36	
494851.48	5420439.20	281.94	
494851.65	5420445.30	287.03	
494851.93	5420451.20	289.14	
494852.89	5420467.50	290.01	
494854.32	5420492.10	291.85	
494856.18	5420524.50	294.70	
494859.33	5420578.00	297.81	
494862.91	5420613.50	260.36	
494864.78	5420647.20	265.24	
494865.11	5420655.10	269.18	
494866.42	5420682.10	278.06	
494868.13	5420712.80	282.13	
494870.73	5420756.40	283.59	
494870.84	5420740.40	281.31	
494870.20	5420728.90	281.50	
494870.02	5420726.00	281.98	
494869.85	5420723.20	282.44	
494869.25	5420712.00	281.93	
494868.15	5420692.40	282.39	
494866.06	5420641.90	263.89	
494865.60	5420633.50	263.73	
494859.94	5420554.70	297.67	
494859.80	5420552.00	297.46	
494859.11	5420538.60	296.25	
494858.14	5420519.70	294.21	
494857.61	5420511.90	296.82	
494857.21	5420503.70	295.47	
494857.08	5420500.90	294.82	
494855.56	5420470.70	290.64	
494855.23	5420465.40	291.80	
494853.40	5420424.90	280.63	
494849.42	5420352.70	279.58	
494851.64	5420376.70	279.38	
494852.97	5420398.80	279.96	
494853.13	5420401.50	280.00	
494853.63	5420409.80	280.16	
494855.95	5420455.70	292.90	
494861.24	5420544.50	296.80	
494862.19	5420560.50	297.72	
494870.10	5420677.70	278.19	
494870.82	5420691.50	281.53	
494870.98	5420694.20	281.61	
494871.71	5420705.80	281.22	
494875.24	5420764.20	282.02	
494871.11	5420669.70	275.55	
494862.67	5420531.70	295.56	
494859.12	5420466.80	294.18	
494858.22	5420450.40	293.80	
494857.50	5420432.70	286.62	
494856.74	5420414.70	280.12	
494856.12	5420403.30	279.76	
494855.33	5420388.70	279.15	
494854.51	5420374.20	279.20	
494853.94	5420366.50	283.07	
494853.64	5420344.60	277.21	
494855.95	5420383.30	279.06	
494856.30	5420388.90	278.98	
494860.55	5420468.00	294.80	
494862.61	5420500.20	292.69	
494863.09	5420508.20	293.06	
494866.37	5420564.50	297.72	
494868.84	5420597.40	285.99	
494870.79	5420613.50	260.42	
494871.30	5420621.90	260.72	
494872.92	5420652.40	267.38	
494873.34	5420660.60	269.66	
494873.79	5420673.40	278.65	
494876.04	5420712.60	282.92	
494881.02	5420787.00	291.24	
494880.94	5420784.80	290.17	
494881.02	5420779.60	280.64	
494877.07	5420709.20	281.06	
494876.90	5420706.10	281.19	
494872.31	5420611.00	262.19	
494871.97	5420605.20	262.66	
494869.90	5420591.70	297.12	
494866.96	5420538.30	296.17	
494866.26	5420524.90	294.76	
494864.90	5420497.70	290.77	
494864.33	5420486.70	289.40	
494862.24	5420451.50	292.68	
494858.46	5420363.80	283.94	
494859.60	5420379.10	278.83	
494860.61	5420395.80	279.33	
494860.95	5420401.40	279.45	
494862.79	5420439.30	292.44	
494863.13	5420444.70	292.07	
494866.81	5420504.20	291.90	
494868.65	5420536.50	295.97	
494870.40	5420565.80	297.62	
494879.10	5420697.00	281.53	
494884.35	5420780.40	278.43	
494885.09	5420779.00	277.55	
494883.37	5420748.00	277.23	
494882.41	5420733.20	280.37	
494881.93	5420724.70	280.53	
494879.97	5420688.50	278.88	
494877.68	5420637.30	263.68	
494873.62	5420587.70	297.35	
494871.78	5420565.90	313.81	
494871.06	5420550.30	309.75	
494870.99	5420547.50	307.55	
494869.44	5420509.80	292.69	
494866.39	5420455.60	293.00	
494866.10	5420450.00	292.38	
494861.62	5420347.50	277.65	
494862.51	5420365.20	282.94	
494863.78	5420383.60	279.33	
494863.94	5420386.20	279.48	
494869.91	5420489.20	290.02	
494870.06	5420491.70	290.26	
494871.45	5420516.30	293.67	
494872.21	5420535.40	304.83	
494872.59	5420543.40	307.98	
494875.46	5420583.40	297.51	
494878.13	5420604.80	261.88	
494880.70	5420647.40	263.42	
494881.12	5420657.90	269.58	
494882.29	5420682.00	278.28	
494882.84	5420692.90	281.57	
494883.56	5420704.40	281.16	
494888.02	5420773.60	276.16	
494888.12	5420760.90	276.72	
494887.79	5420755.10	276.84	
494886.97	5420740.90	277.58	
494886.34	5420731.70	280.40	
494886.19	5420728.90	280.37	
494884.19	5420694.70	282.36	
494883.44	5420678.70	278.44	
494883.03	5420670.50	277.23	
494882.88	5420665.50	273.67	
494881.13	5420627.50	263.42	
494875.95	5420569.90	314.70	
494875.31	5420559.30	315.96	
494874.18	5420533.20	306.99	
494874.03	5420522.20	294.85	
494873.76	5420516.70	293.83	
494873.35	5420508.60	292.41	
494873.07	5420503.10	291.72	
494871.66	5420478.80	293.00	
494869.69	5420443.00	291.72	
494869.55	5420440.20	291.47	
494868.96	5420429.00	290.14	
494868.48	5420420.60	290.55	
494867.59	5420399.40	282.24	
494866.26	5420360.50	280.72	
494866.41	5420363.40	281.41	
494870.89	5420442.00	291.70	
494873.47	5420482.50	290.19	
494874.91	5420507.00	292.20	
494875.72	5420528.80	306.51	
494877.04	5420555.10	315.03	
494877.52	5420562.90	315.11	
494879.20	5420579.40	297.78	
494883.44	5420626.20	262.23	
494884.92	5420651.50	264.61	
494885.20	5420659.40	269.98	
494886.58	5420686.40	278.15	
494887.86	5420709.00	281.08	
494890.42	5420747.80	277.00	
494891.95	5420772.10	276.29	
494892.32	5420782.10	283.02	
494890.27	5420730.10	280.36	
494888.81	5420704.70	281.12	
494885.36	5420631.80	263.70	
494879.70	5420565.80	315.11	
494878.48	5420542.30	312.39	
494877.31	5420512.80	299.53	
494876.70	5420496.20	290.80	
494876.55	5420493.50	290.60	
494872.72	5420424.70	289.56	
494871.65	5420404.80	288.27	
494870.22	5420358.40	277.77	
494871.21	5420375.40	279.28	
494873.69	5420421.40	289.21	
494877.88	5420489.30	290.07	
494878.27	5420497.80	293.76	
494878.80	5420508.60	297.53	
494881.91	5420569.50	315.63	
494888.73	5420647.50	263.30	
494890.86	5420690.80	278.24	
494892.53	5420719.00	280.69	
494894.55	5420749.40	276.96	
494896.66	5420769.40	276.31	
494894.36	5420731.50	280.41	
494892.26	5420694.80	281.14	
494890.41	5420650.00	263.25	
494890.25	5420647.20	263.24	
494888.74	5420619.20	261.28	
494883.60	5420564.40	315.27	
494883.06	5420554.00	314.06	
494882.56	5420543.40	311.55	
494882.45	5420540.90	310.89	
494882.19	5420535.60	309.62	
494881.82	5420527.70	307.89	
494881.11	5420511.70	302.75	
494880.80	5420503.30	298.39	
494880.06	5420486.70	293.10	
494878.52	5420459.50	293.33	
494878.23	5420453.90	292.65	
494877.50	5420440.10	291.23	
494876.31	5420417.40	288.70	
494875.55	5420403.10	287.61	
494874.78	5420388.40	285.71	
494874.24	5420359.90	278.76	
494877.90	5420425.40	289.50	
494878.54	5420436.40	290.89	
494879.67	5420455.80	292.91	
494883.81	5420531.50	308.09	
494886.89	5420579.00	304.86	
494887.69	5420587.50	297.67	
494888.72	5420603.50	296.85	
494890.47	5420611.70	263.79	
494898.62	5420750.80	276.97	
494894.86	5420664.00	271.54	
494894.54	5420653.80	264.82	
494890.16	5420598.00	296.99	
494887.34	5420560.20	315.41	
494887.21	5420557.60	314.75	
494886.97	5420552.50	313.54	
494886.72	5420547.20	312.17	
494885.63	5420523.40	305.60	
494885.26	5420515.40	303.58	
494884.84	5420507.30	302.41	
494883.69	5420482.70	296.29	
494882.84	5420466.10	293.88	
494880.34	5420418.40	288.77	
494879.88	5420410.00	288.15	
494879.73	5420407.10	287.83	
494877.69	5420354.10	282.74	
494877.85	5420356.90	283.10	
494878.80	5420374.00	286.16	
494879.48	5420384.90	286.21	
494881.96	5420426.70	289.46	
494882.12	5420429.40	289.78	
494884.50	5420470.70	294.82	
494884.66	5420473.30	294.91	
494886.44	5420505.90	301.40	
494890.55	5420577.30	310.77	
494891.07	5420580.40	301.99	
494895.50	5420627.40	262.17	
494896.69	5420647.20	263.26	
494900.83	5420722.40	277.64	
494901.57	5420734.20	277.28	
494904.51	5420777.90	271.17	
494903.85	5420783.90	299.11	
494902.96	5420740.40	277.00	
494902.79	5420737.40	277.12	
494899.16	5420672.80	276.44	
494896.40	5420615.50	263.89	
494890.89	5420550.90	312.97	
494890.29	5420537.80	309.23	
494890.04	5420532.30	307.82	
494889.68	5420524.50	305.58	
494885.29	5420436.60	290.61	
494884.70	5420425.30	289.26	
494883.32	5420399.60	287.30	
494880.81	5420352.50	283.06	
494881.28	5420346.90	281.93	
494889.04	5420480.00	295.76	
494889.19	5420482.70	296.44	
494889.96	5420496.30	298.54	
494893.30	5420559.90	315.10	
494893.44	5420562.50	315.87	
494893.61	5420565.20	315.75	
494898.45	5420611.50	263.86	
494900.77	5420648.40	263.39	
494901.20	5420656.70	265.57	
494901.90	5420674.80	277.15	
494902.56	5420686.00	278.17	
494904.18	5420711.90	277.84	
494905.28	5420729.40	277.49	
494908.03	5420758.50	276.64	
494903.19	5420671.40	274.64	
494897.49	5420586.60	298.50	
494896.47	5420578.00	312.67	
494895.47	5420562.30	315.69	
494895.11	5420554.50	313.79	
494894.62	5420544.00	310.93	
494892.39	5420495.90	298.19	
494885.56	5420365.50	283.86	
494885.25	5420359.50	283.02	
494885.90	5420356.40	282.64	
494887.36	5420381.70	285.63	
494888.85	5420406.80	287.83	
494891.45	5420450.90	291.66	
494891.78	5420456.50	292.26	
494903.31	5420624.00	263.83	
494904.20	5420638.20	263.53	
494904.57	5420643.90	263.41	
494905.37	5420657.90	265.36	
494905.66	5420665.70	270.42	
494905.97	5420673.50	275.14	
494908.16	5420710.30	277.80	
494909.65	5420733.80	277.21	
494909.84	5420736.80	277.10	
494912.35	5420774.20	271.88	
494912.16	5420779.00	285.22	
494912.99	5420771.80	273.72	
494911.56	5420748.30	276.48	
494911.20	5420742.30	276.89	
494910.05	5420722.50	277.67	
494909.40	5420711.10	277.95	
494909.25	5420708.30	277.86	
494908.87	5420702.50	279.00	
494908.28	5420691.40	278.14	
494899.62	5420563.40	315.72	
494897.19	5420510.40	301.34	
494894.01	5420447.20	291.02	
494893.26	5420433.10	289.76	
494893.11	5420430.20	289.57	
494892.96	5420427.50	289.43	
494892.66	5420421.80	289.02	
494891.43	5420398.90	287.07	
494890.51	5420381.50	285.47	
494889.73	5420366.60	283.79	
494889.26	5420343.80	281.74	
494890.23	5420360.30	283.22	
494890.73	5420368.80	284.21	
494892.04	5420391.20	286.39	
494892.20	5420394.00	286.82	
494892.87	5420405.20	287.60	
494893.36	5420413.60	288.29	
494893.85	5420421.80	288.98	
494895.00	5420441.10	290.30	
494896.60	5420468.70	293.75	
494898.71	5420506.60	300.30	
494908.04	5420633.70	263.69	
494908.23	5420636.60	263.55	
494910.30	5420677.30	276.07	
494913.10	5420723.20	277.50	
494913.47	5420729.00	277.31	
494913.85	5420735.00	277.08	
494916.79	5420766.70	275.25	
494916.57	5420763.50	276.27	
494915.60	5420746.50	276.52	
494914.10	5420720.70	277.55	
494911.79	5420678.80	276.19	
494911.54	5420671.20	271.64	
494911.25	5420663.40	267.51	
494911.12	5420658.30	263.63	
494909.02	5420621.50	264.21	
494905.66	5420586.00	299.50	
494904.25	5420572.10	315.85	
494904.10	5420569.40	315.93	
494903.69	5420561.70	315.05	
494903.21	5420551.30	312.43	
494902.49	5420535.60	308.02	
494901.89	5420522.20	304.23	
494899.64	5420476.00	294.67	
494898.08	5420445.30	290.42	
494897.77	5420439.70	290.12	
494893.95	5420367.80	283.95	
494894.64	5420364.30	283.56	
494896.77	5420400.80	287.21	
494898.25	5420425.70	289.24	
494900.04	5420456.00	291.87	
494900.35	5420461.50	292.96	
494904.48	5420537.20	308.31	
494905.57	5420558.10	314.11	
494906.48	5420573.60	315.83	
494913.94	5420663.00	266.43	
494917.18	5420721.60	277.50	
494918.31	5420739.30	276.85	
494919.07	5420751.30	276.47	
494920.32	5420756.00	276.26	
494917.01	5420699.10	278.68	
494915.53	5420664.60	266.70	
494915.45	5420661.90	264.85	
494913.28	5420622.70	263.84	
494913.12	5420619.80	263.79	
494910.91	5420603.30	296.73	
494907.08	5420544.50	310.29	
494904.84	5420496.20	297.73	
494904.01	5420479.70	294.99	
494903.01	5420460.50	293.03	
494901.86	5420438.00	289.87	
494901.54	5420432.20	289.50	
494900.03	5420404.00	287.32	
494899.58	5420395.30	286.51	
494898.02	5420365.90	283.72	
494897.37	5420353.90	282.89	
494898.21	5420354.40	282.95	
494900.51	5420393.40	286.49	
494903.15	5420437.90	289.86	
494906.15	5420489.90	296.42	
494906.30	5420492.60	296.96	
494907.88	5420522.20	304.07	
494908.30	5420530.30	306.18	
494909.25	5420548.70	311.39	
494912.19	5420588.70	300.29	
494912.34	5420591.30	300.53	
494916.01	5420627.50	263.71	
494921.06	5420716.90	277.47	
494921.25	5420719.80	277.36	
494921.43	5420722.80	277.38	
494923.14	5420749.50	276.22	
494923.36	5420752.70	275.74	
494924.54	5420769.10	271.38	
494921.95	5420711.60	277.63	
494920.97	5420694.60	278.14	
494920.52	5420686.30	277.58	
494920.27	5420678.70	273.09	
494920.17	5420676.10	271.88	
494914.49	5420595.90	301.43	
494910.58	5420529.50	306.00	
494908.95	5420494.40	297.12	
494904.60	5420410.80	287.66	
494905.46	5420405.80	287.35	
494909.80	5420480.00	294.83	
494911.72	5420515.20	302.18	
494912.14	5420523.30	304.22	
494912.84	5420536.60	307.79	
494914.49	5420567.90	315.69	
494915.46	5420583.70	316.28	
494916.59	5420592.40	301.10	
494916.75	5420595.10	301.28	
494925.71	5420724.00	277.35	
494927.76	5420754.50	273.48	
494929.03	5420773.30	270.98	
494928.65	5420774.60	304.13	
494925.39	5420698.40	278.06	
494924.89	5420689.90	278.62	
494924.07	5420664.50	263.13	
494922.44	5420636.00	263.75	
494912.67	5420484.50	295.20	
494911.52	5420462.40	292.79	
494910.67	5420445.80	290.70	
494908.87	5420411.80	287.65	
494905.58	5420350.10	282.62	
494909.25	5420398.40	286.53	
494909.91	5420409.60	287.51	
494910.89	5420426.30	288.91	
494912.50	5420453.70	291.72	
494913.77	5420475.80	294.26	
494915.57	5420508.20	300.17	
494917.12	5420537.70	307.80	
494920.68	5420590.80	301.52	
494921.40	5420601.60	300.40	
494923.88	5420618.50	263.95	
494924.59	5420629.80	263.74	
494925.49	5420644.10	263.54	
494927.30	5420677.40	270.42	
494931.67	5420749.70	273.75	
494932.79	5420771.80	280.35	
494932.31	5420773.20	295.17	
494933.61	5420771.70	281.55	
494929.21	5420691.10	277.92	
494928.79	5420678.40	270.63	
494928.71	5420675.80	268.95	
494928.63	5420673.30	267.31	
494919.85	5420547.30	310.24	
494917.75	5420501.90	298.61	
494914.20	5420432.50	289.49	
494913.91	5420427.00	289.05	
494912.71	5420404.20	286.97	
494912.10	5420392.70	285.94	
494911.47	5420380.90	284.98	
494911.91	5420371.60	284.18	
494916.18	5420444.00	290.65	
494918.24	5420479.40	294.47	
494918.40	5420482.20	294.83	
494920.58	5420522.70	303.60	
494920.87	5420528.10	304.94	
494922.51	5420559.70	313.24	
494922.93	5420567.40	315.07	
494923.08	5420570.20	315.60	
494923.71	5420580.60	315.96	
494929.27	5420636.50	263.56	
494929.64	5420642.40	263.52	
494931.25	5420668.20	263.30	
494931.55	5420676.00	268.10	
494934.52	5420729.30	277.04	
494936.68	5420760.50	271.56	
494936.49	5420772.40	316.04	
494936.69	5420746.40	275.04	
494934.48	5420709.00	277.64	
494930.57	5420629.60	263.69	
494925.81	5420582.10	315.87	
494923.41	5420532.40	305.95	
494922.80	5420519.00	302.33	
494922.68	5420516.40	301.71	
494922.56	5420513.70	301.02	
494922.18	5420505.60	299.07	
494921.65	5420494.60	296.69	
494921.53	5420491.90	296.23	
494921.39	5420489.20	295.78	
494920.83	5420478.10	294.23	
494918.21	5420428.00	289.02	
494916.86	5420402.40	286.71	
494913.72	5420343.40	281.78	
494916.57	5420378.20	284.54	
494918.87	5420417.40	288.09	
494921.62	5420464.20	292.44	
494921.93	5420469.70	293.31	
494923.18	5420491.40	296.07	
494925.60	5420537.20	307.00	
494926.15	5420547.70	309.74	
494929.73	5420600.70	303.39	
494940.85	5420758.80	271.32	
494940.22	5420765.60	298.31	
494941.02	5420761.40	294.31	
494941.50	5420753.70	272.03	
494939.80	5420727.10	276.84	
494934.73	5420627.80	263.98	
494931.57	5420599.50	302.93	
494930.12	5420583.00	315.87	
494929.56	5420572.60	315.19	
494929.45	5420570.10	314.63	
494929.32	5420567.50	314.04	
494925.98	5420495.60	296.64	
494924.01	5420457.10	291.93	
494922.39	5420426.10	288.80	
494919.00	5420362.50	283.69	
494920.08	5420365.20	283.54	
494923.38	5420421.20	288.30	
494924.03	5420432.40	289.51	
494925.63	5420459.80	292.10	
494926.28	5420470.80	293.18	
494928.11	5420503.30	298.24	
494928.25	5420506.00	298.84	
494931.75	5420572.20	314.71	
494931.89	5420574.80	315.40	
494932.69	5420587.80	315.88	
494935.22	5420615.90	296.55	
494937.25	5420627.40	263.73	
494939.06	5420656.00	263.18	
494939.42	5420661.80	263.09	
494940.24	5420675.90	264.77	
494943.31	5420756.30	313.59	
494944.44	5420770.60	327.40	
494944.00	5420762.80	327.41	
494943.76	5420757.90	326.58	
494942.12	5420689.40	272.87	
494941.45	5420671.20	264.12	
494939.55	5420637.20	263.68	
494934.89	5420591.70	315.19	
494934.01	5420576.20	315.42	
494933.14	5420557.90	311.51	
494931.44	5420521.00	302.23	
494931.31	5420518.10	301.59	
494930.55	5420502.00	297.79	
494930.43	5420499.30	297.19	
494926.70	5420427.00	288.83	
494925.65	5420407.20	286.98	
494925.50	5420404.20	286.63	
494925.19	5420398.40	286.16	
494923.90	5420358.00	283.18	
494924.24	5420363.60	283.47	
494924.57	5420369.20	283.84	
494925.74	5420388.70	285.19	
494926.23	5420397.10	285.97	
494927.21	5420413.90	287.59	
494930.30	5420466.30	292.38	
494932.00	5420496.30	296.47	
494935.39	5420560.10	311.48	
494935.67	5420565.40	312.64	
494936.10	5420573.20	314.23	
494937.18	5420591.40	315.84	
494944.63	5420677.10	263.97	
494945.00	5420687.50	270.86	
494947.04	5420724.00	276.85	
494947.86	5420755.80	327.76	
494947.32	5420709.00	277.46	
494945.20	5420660.90	263.08	
494944.38	5420646.70	263.35	
494944.06	5420641.00	263.55	
494943.89	5420638.10	263.64	
494940.61	5420606.90	300.50	
494939.89	5420596.10	303.21	
494937.87	5420566.80	312.36	
494932.93	5420464.40	292.16	
494932.49	5420456.20	291.51	
494929.96	5420408.00	286.96	
494929.20	5420393.60	285.54	
494926.98	5420352.60	283.01	
494927.23	5420342.40	281.78	
494928.04	5420356.20	283.13	
494930.22	5420392.60	285.38	
494931.04	5420406.50	286.75	
494932.83	5420437.10	289.86	
494934.62	5420467.30	292.19	
494937.90	5420526.90	303.30	
494938.32	5420534.90	305.19	
494939.16	5420550.60	308.87	
494939.59	5420558.60	310.53	
494942.09	5420595.50	306.22	
494945.79	5420626.70	263.45	
494946.50	5420638.20	263.52	
494947.41	5420652.50	263.24	
494948.28	5420666.80	263.82	
494951.35	5420757.00	327.28	
494951.53	5420759.90	327.34	
494951.89	5420765.60	327.15	
494952.66	5420727.30	276.65	
494951.30	5420704.30	278.17	
494951.06	5420696.90	273.82	
494949.70	5420664.80	262.96	
494948.72	5420647.80	263.38	
494948.55	5420644.90	263.44	
494943.04	5420585.80	315.85	
494942.29	5420570.30	312.86	
494941.42	5420551.90	308.81	
494941.18	5420546.70	307.66	
494940.68	5420536.20	305.20	
494939.81	5420517.40	300.78	
494938.52	5420490.30	294.94	
494938.11	5420482.00	293.65	
494935.76	5420437.70	289.74	
494935.46	5420432.00	289.33	
494933.97	5420403.50	286.27	
494931.78	5420362.60	283.31	
494931.62	5420359.70	283.14	
494937.48	5420443.60	290.22	
494937.81	5420449.20	290.68	
494941.24	5420509.20	298.82	
494944.07	5420562.30	310.86	
494946.74	5420599.70	303.07	
494948.08	5420616.40	296.11	
494948.41	5420621.70	296.21	
494952.13	5420659.40	263.13	
494952.48	5420665.20	263.36	
494952.68	5420668.10	263.15	
494954.15	5420702.50	279.57	
494956.13	5420732.20	276.68	
494955.31	5420752.30	327.72	
494955.82	5420708.30	278.06	
494952.75	5420643.10	263.50	
494952.41	5420637.50	263.78	
494944.02	5420515.80	299.95	
494940.24	5420441.50	289.90	
494937.22	5420384.20	284.55	
494936.59	5420372.50	283.80	
494937.38	5420369.60	283.58	
494937.55	5420372.50	283.82	
494941.66	5420442.10	289.93	
494942.47	5420455.90	291.13	
494944.99	5420499.50	296.35	
494945.29	5420505.00	297.45	
494948.96	5420573.80	313.09	
494949.50	5420584.20	315.88	
494951.09	5420600.90	303.00	
494952.07	5420612.20	296.35	
494958.02	5420686.40	265.14	
494959.13	5420714.90	281.41	
494959.49	5420749.00	324.67	
494960.21	5420762.30	327.36	
494954.24	5420618.50	296.04	
494953.49	5420610.00	302.47	
494953.01	5420601.80	302.99	
494952.86	5420599.20	303.12	
494949.96	5420551.40	307.72	
494949.84	5420548.70	307.17	
494949.47	5420541.00	305.44	
494949.10	5420532.90	303.54	
494944.27	5420437.00	289.36	
494941.24	5420379.50	284.09	
494940.44	5420364.90	283.22	
494941.06	5420359.90	283.08	
494941.72	5420370.80	283.57	
494942.73	5420387.70	284.73	
494943.39	5420398.80	285.73	
494943.56	5420401.80	285.95	
494944.06	5420410.20	286.66	
494945.69	5420437.90	289.41	
494947.49	5420468.10	291.44	
494950.79	5420527.70	302.12	
494951.21	5420535.70	304.07	
494959.39	5420639.00	263.82	
494960.14	5420650.60	263.20	
494961.25	5420667.80	262.64	
494962.17	5420682.50	262.42	
494961.66	5420694.00	291.82	
494964.36	5420728.40	278.94	
494964.24	5420746.50	308.95	
494964.23	5420750.40	315.20	
494964.40	5420753.10	315.23	
494965.50	5420746.20	301.61	
494963.74	5420707.50	291.51	
494963.09	5420674.00	262.62	
494962.93	5420671.20	262.69	
494961.78	5420651.20	263.21	
494955.75	5420583.80	315.19	
494955.28	5420573.50	312.42	
494954.54	5420557.80	308.91	
494952.06	5420504.50	296.58	
494949.95	5420463.20	291.29	
494948.48	5420435.50	289.07	
494945.90	5420386.60	284.61	
494945.44	5420377.90	283.85	
494945.28	5420375.00	283.60	
494943.83	5420348.40	282.17	
494946.93	5420386.20	284.57	
494950.53	5420447.50	290.15	
494952.64	5420483.00	292.79	
494953.56	5420499.30	295.45	
494956.54	5420555.50	308.10	
494956.68	5420558.00	308.67	
494958.34	5420589.30	315.69	
494964.68	5420654.80	262.94	
494967.15	5420695.20	264.23	
494968.68	5420732.00	282.67	
494968.19	5420746.10	315.30	
494968.48	5420759.30	328.16	
494968.88	5420765.20	327.20	
494970.02	5420744.50	292.73	
494965.78	5420646.80	263.22	
494965.09	5420635.50	264.45	
494962.60	5420615.60	296.21	
494962.44	5420612.90	296.41	
494959.84	5420580.00	313.72	
494959.71	5420577.20	313.17	
494959.37	5420569.60	311.10	
494957.40	5420527.30	301.32	
494956.91	5420516.50	298.78	
494948.04	5420346.80	281.92	
494949.30	5420354.40	282.55	
494949.46	5420357.20	282.98	
494950.13	5420368.20	283.30	
494950.30	5420371.00	283.41	
494950.96	5420382.00	284.25	
494952.29	5420404.60	285.97	
494954.25	5420438.00	289.12	
494957.00	5420484.40	292.71	
494959.06	5420522.40	299.95	
494960.47	5420549.00	306.12	
494961.42	5420567.20	310.37	
494965.10	5420616.30	296.15	
494968.66	5420650.80	263.19	
494971.46	5420694.40	261.52	
494971.43	5420714.00	291.03	
494972.69	5420730.10	284.78	
494972.51	5420747.70	315.19	
494973.74	5420762.70	327.21	
494974.07	5420738.70	289.07	
494974.02	5420734.30	284.48	
494973.70	5420728.70	284.64	
494972.38	5420710.40	291.15	
494971.90	5420702.10	291.56	
494972.32	5420697.10	275.52	
494969.94	5420645.60	263.30	
494967.35	5420624.90	296.09	
494964.63	5420591.60	315.65	
494963.68	5420570.90	310.86	
494963.43	5420565.80	309.79	
494963.08	5420557.90	307.90	
494962.59	5420547.30	305.39	
494962.09	5420536.70	303.10	
494958.34	5420460.50	290.75	
494958.19	5420457.80	290.68	
494957.60	5420446.70	289.84	
494953.99	5420377.90	283.75	
494952.87	5420357.40	282.93	
494955.66	5420389.30	284.55	
494956.64	5420406.20	286.08	
494957.12	5420414.50	286.89	
494958.26	5420434.00	288.68	
494959.06	5420447.70	289.91	
494961.02	5420480.50	291.92	
494962.09	5420499.60	294.55	
494962.96	5420515.80	297.95	
494964.22	5420539.90	303.49	
494965.18	5420558.40	307.74	
494965.46	5420563.70	309.04	
494969.74	5420623.30	295.82	
494975.69	5420695.90	262.31	
494976.57	5420746.50	315.10	
494978.11	5420768.60	329.00	
494977.64	5420758.80	327.28	
494977.27	5420723.10	290.60	
494977.11	5420720.30	290.69	
494975.98	5420700.70	291.39	
494976.87	5420692.90	261.29	
494976.36	5420684.30	261.73	
494969.04	5420595.50	315.53	
494968.90	5420593.00	315.54	
494966.87	5420548.70	305.20	
494965.52	5420519.30	298.46	
494962.80	5420464.60	290.73	
494962.50	5420459.10	290.55	
494960.74	5420425.60	287.84	
494960.60	5420422.70	287.46	
494960.00	5420411.30	286.53	
494959.85	5420408.50	286.24	
494958.78	5420388.30	284.97	
494957.70	5420351.80	282.21	
494958.35	5420363.00	283.14	
494961.79	5420421.50	287.39	
494964.20	5420462.90	290.77	
494964.69	5420471.10	291.19	
494965.01	5420476.50	291.72	
494965.64	5420487.30	292.52	
494966.26	5420498.30	293.95	
494967.40	5420519.90	298.48	
494973.30	5420613.70	296.42	
494975.91	5420633.70	264.70	
494977.43	5420656.90	262.90	
494978.90	5420680.00	261.81	
494978.71	5420697.40	291.14	
494980.32	5420723.00	290.47	
494980.51	5420726.10	290.38	
494980.47	5420740.40	311.86	
494980.81	5420748.10	315.02	
494981.14	5420761.40	326.65	
494981.83	5420750.50	315.41	
494981.71	5420747.80	315.02	
494981.51	5420724.60	290.49	
494980.37	5420698.30	283.05	
494979.96	5420674.10	261.96	
494979.46	5420665.60	262.52	
494975.43	5420619.70	295.97	
494971.99	5420568.30	309.30	
494971.16	5420550.00	305.06	
494968.40	5420490.70	292.89	
494967.41	5420471.50	291.09	
494966.38	5420452.10	290.00	
494963.30	5420392.40	284.72	
494962.22	5420372.20	283.41	
494962.22	5420356.20	282.82	
494962.72	5420364.40	283.17	
494964.04	5420386.80	284.37	
494967.72	5420450.60	289.88	
494969.49	5420480.70	291.86	
494969.64	5420483.50	292.22	
494969.95	5420488.70	292.77	
494970.27	5420494.20	293.06	
494970.57	5420499.80	294.03	
494970.69	5420502.40	295.06	
494972.68	5420540.10	302.60	
494973.08	5420548.00	304.41	
494973.49	5420555.90	306.20	
494973.76	5420561.20	307.43	
494974.95	5420584.70	313.34	
494975.07	5420587.30	314.15	
494975.49	5420595.00	315.44	
494977.76	5420618.00	296.04	
494981.86	5420661.10	262.59	
494983.73	5420690.60	261.12	
494984.00	5420715.90	290.57	
494984.89	5420730.40	290.49	
494984.83	5420750.60	320.62	
494985.18	5420760.20	326.21	
494985.94	5420759.10	326.03	
494985.78	5420756.40	326.26	
494985.73	5420754.20	324.63	
494985.42	5420741.00	315.30	
494984.97	5420696.60	270.61	
494984.19	5420675.50	261.90	
494975.20	5420546.00	303.60	
494974.60	5420532.80	300.58	
494974.24	5420524.60	298.69	
494973.99	5420519.30	297.62	
494973.49	5420508.50	295.43	
494973.37	5420505.70	294.85	
494972.84	5420494.80	293.21	
494972.42	5420486.60	292.50	
494972.14	5420481.00	291.82	
494971.43	5420467.30	290.69	
494970.86	5420456.30	289.94	
494969.12	5420422.60	287.34	
494968.08	5420402.50	285.63	
494966.61	5420357.60	282.74	
494968.42	5420388.10	284.22	
494968.57	5420390.80	284.44	
494972.57	5420460.30	290.07	
494973.35	5420473.80	291.17	
494974.12	5420487.40	292.47	
494975.74	5420517.30	297.04	
494976.99	5420541.50	302.40	
494982.37	5420624.80	295.64	
494984.86	5420642.50	263.62	
494987.46	5420696.90	279.84	
494987.15	5420700.10	291.35	
494988.24	5420717.40	290.44	
494989.79	5420753.00	324.16	
494987.77	5420665.40	262.49	
494986.80	5420648.30	263.35	
494979.49	5420547.20	303.41	
494977.53	5420504.20	294.41	
494976.31	5420479.50	291.62	
494972.89	5420412.50	286.31	
494972.45	5420403.90	285.58	
494971.41	5420383.50	283.92	
494969.86	5420353.90	282.34	
494972.29	5420381.00	283.78	
494979.33	5420505.10	294.54	
494981.14	5420540.10	301.52	
494981.28	5420542.80	302.15	
494981.42	5420545.50	302.69	
494981.94	5420555.90	305.10	
494982.60	5420569.10	308.24	
494982.73	5420571.70	308.90	
494983.72	5420592.50	314.97	
494983.86	5420595.00	315.34	
494984.18	5420600.30	315.22	
494984.34	5420603.00	315.26	
494989.82	5420655.40	262.98	
494990.74	5420669.90	262.06	
494991.65	5420684.50	261.43	
494991.75	5420687.30	262.96	
494991.14	5420696.40	289.31	
494992.27	5420716.00	290.33	
494992.80	5420724.70	290.21	
494993.47	5420762.80	327.39	
494993.92	5420754.10	324.52	
494993.29	5420733.20	313.56	
494993.17	5420711.80	290.49	
494993.16	5420689.20	263.88	
494991.85	5420663.90	262.41	
494990.86	5420646.60	263.52	
494990.38	5420638.20	264.08	
494988.58	5420631.50	295.90	
494986.97	5420611.70	307.88	
494984.00	5420553.70	304.29	
494983.88	5420551.00	303.81	
494983.18	5420535.00	300.12	
494980.34	5420475.20	291.33	
494980.21	5420472.50	290.96	
494979.22	5420453.10	289.57	
494978.95	5420447.70	289.12	
494978.09	5420430.80	287.89	
494975.02	5420370.40	283.43	
494974.45	5420343.40	281.37	
494975.40	5420360.20	282.73	
494976.53	5420379.60	283.61	
494976.69	5420382.40	283.77	
494978.26	5420410.30	286.25	
494978.58	5420416.10	286.64	
494978.74	5420418.80	286.94	
494982.30	5420482.00	291.91	
494983.36	5420501.00	293.86	
494985.04	5420533.40	299.59	
494986.62	5420565.00	306.78	
494997.39	5420758.90	325.80	
494998.40	5420764.50	328.07	
494998.18	5420757.70	324.90	
494997.72	5420731.50	304.33	
494998.13	5420727.00	289.89	
494997.66	5420718.50	290.23	
494996.89	5420704.50	290.70	
494996.58	5420699.00	290.89	
494997.29	5420690.30	265.20	
494996.88	5420679.50	261.47	
494994.61	5420639.50	263.99	
494990.27	5420601.60	315.07	
494988.81	5420568.00	307.44	
494987.09	5420528.10	298.41	
494986.61	5420517.40	296.34	
494985.18	5420487.40	292.44	
494985.05	5420484.80	292.15	
494982.85	5420440.40	288.41	
494981.71	5420417.80	286.78	
494980.85	5420400.60	285.27	
494980.42	5420391.90	284.53	
494979.98	5420383.10	283.79	
494979.83	5420380.20	283.61	
494978.63	5420356.80	282.45	
494979.00	5420347.50	281.65	
494979.61	5420358.50	282.57	
494981.06	5420383.80	283.83	
494982.13	5420403.20	285.65	
494983.38	5420425.60	287.36	
494984.01	5420436.70	288.11	
494986.01	5420472.30	290.85	
494986.30	5420477.80	291.44	
494988.08	5420510.30	295.08	
494990.12	5420550.50	302.76	
494990.75	5420563.60	306.01	
494993.57	5420613.70	309.58	
494999.81	5420686.50	266.60	
495000.32	5420713.00	290.33	
495000.49	5420715.90	290.22	
495001.88	5420749.00	322.54	
495001.76	5420730.20	303.59	
495000.76	5420700.20	290.70	
495000.43	5420694.70	291.35	
494998.98	5420643.40	263.64	
494998.82	5420640.50	263.80	
494994.62	5420605.30	314.89	
494991.83	5420540.00	300.23	
494988.40	5420466.70	290.35	
494987.58	5420450.00	289.07	
494987.44	5420447.20	288.83	
494987.30	5420444.40	288.68	
494984.47	5420387.30	284.28	
494984.34	5420384.40	283.96	
494984.16	5420362.60	282.59	
494988.19	5420435.00	287.77	
494991.05	5420487.20	292.44	
494992.22	5420508.90	294.90	
494992.64	5420517.00	295.98	
494993.60	5420535.70	299.24	
494993.73	5420538.50	299.93	
494993.87	5420541.10	300.29	
494995.26	5420570.10	307.34	
494997.62	5420612.30	309.92	
495002.36	5420656.70	262.52	
495003.26	5420671.30	261.58	
495003.40	5420674.10	262.14	
495003.70	5420684.40	268.78	
495003.82	5420702.90	290.37	
495004.50	5420714.40	290.16	
495005.03	5420744.30	317.31	
495005.33	5420753.90	323.22	
495005.84	5420766.40	328.37	
495005.96	5420769.10	328.98	
495005.78	5420738.90	314.65	
495005.86	5420729.00	301.66	
495005.38	5420709.80	290.23	
495004.93	5420701.50	290.53	
495000.64	5420624.20	295.74	
494997.49	5420575.30	308.60	
494995.85	5420535.80	299.14	
494995.26	5420522.30	296.83	
494994.24	5420500.70	294.44	
494993.35	5420481.50	291.77	
494992.43	5420462.30	289.85	
494991.48	5420442.70	288.28	
494989.67	5420405.90	285.71	
494988.68	5420385.80	284.29	
494987.81	5420368.20	283.03	
494988.38	5420361.00	282.46	
494989.45	5420380.60	283.87	
494989.60	5420383.50	284.24	
494989.76	5420386.20	284.35	
494990.07	5420391.80	284.65	
494992.37	5420433.50	287.51	
494992.67	5420439.00	287.92	
494993.27	5420450.10	288.93	
494997.05	5420520.90	296.47	
494997.19	5420523.60	296.88	
494997.60	5420531.60	298.17	
495000.20	5420586.90	311.81	
495000.43	5420592.10	313.28	
495001.79	5420613.40	310.66	
495001.93	5420616.00	311.04	
495002.13	5420618.80	310.13	
495003.69	5420633.80	294.96	
495009.44	5420759.00	328.67	
495009.93	5420767.50	328.68	
495009.62	5420734.70	314.73	
495008.55	5420668.40	263.51	
495002.01	5420584.20	310.87	
495001.81	5420579.10	309.32	
495001.61	5420573.80	307.80	
495001.52	5420571.20	306.92	
494999.63	5420526.00	297.11	
494998.26	5420496.20	293.55	
494998.01	5420490.80	292.88	
494997.37	5420477.10	291.25	
494997.25	5420474.50	291.03	
494995.92	5420446.60	288.52	
494994.28	5420412.70	286.17	
494993.73	5420401.20	285.20	
494992.74	5420380.90	283.80	
494991.02	5420345.20	280.97	
494991.85	5420345.40	281.06	
494995.63	5420415.40	286.47	
494997.44	5420448.50	288.66	
494998.18	5420462.30	289.83	
494998.60	5420470.30	290.70	
494998.91	5420476.00	291.18	
494999.05	5420478.60	291.49	
494999.33	5420484.10	292.03	
495000.32	5420503.10	294.51	
495002.63	5420548.60	301.25	
495003.02	5420556.70	302.96	
495004.31	5420585.50	311.12	
495005.05	5420601.10	314.59	
495007.75	5420632.40	295.01	
495008.25	5420640.70	294.27	
495011.48	5420693.90	290.58	
495013.94	5420723.90	297.64	
495013.39	5420706.40	290.02	
495013.25	5420703.70	290.13	
495012.80	5420695.30	290.47	
495012.50	5420689.70	290.80	
495006.98	5420603.40	314.44	
495006.62	5420595.50	313.52	
495005.92	5420577.40	308.50	
495005.02	5420553.80	302.08	
495003.40	5420516.30	295.63	
495003.03	5420508.30	294.68	
495002.75	5420502.80	294.72	
495002.63	5420500.10	294.25	
495002.51	5420497.30	293.70	
495002.39	5420494.60	293.29	
495001.12	5420467.10	290.29	
495000.87	5420461.60	289.64	
494999.69	5420436.50	287.53	
494996.51	5420370.20	282.87	
494997.99	5420380.00	283.67	
494998.15	5420382.90	283.83	
494999.05	5420399.60	284.97	
494999.80	5420413.60	286.07	
495000.41	5420424.70	286.62	
495001.30	5420441.40	287.88	
495001.58	5420446.80	288.45	
495004.73	5420506.90	294.60	
495005.28	5420517.60	295.77	
495006.49	5420541.90	299.63	
495008.06	5420576.20	308.02	
495008.40	5420583.90	310.26	
495009.98	5420612.90	311.80	
495010.13	5420615.50	311.91	
495010.39	5420620.80	312.71	
495015.64	5420695.20	290.45	
495016.45	5420722.50	306.74	
495016.78	5420734.50	314.38	
495018.12	5420750.20	323.34	
495017.91	5420743.20	320.29	
495017.60	5420721.00	302.97	
495017.88	5420719.90	295.82	
495016.65	5420690.80	290.60	
495016.50	5420688.10	290.84	
495015.45	5420668.60	292.15	
495014.41	5420649.30	293.48	
495013.97	5420641.10	294.13	
495011.41	5420609.50	314.60	
495010.12	5420578.30	308.50	
495010.04	5420575.90	307.70	
495009.94	5420573.20	306.88	
495009.34	5420557.50	302.57	
495008.88	5420546.70	300.92	
495006.52	5420492.90	293.19	
495004.63	5420451.50	288.82	
495004.10	5420440.20	287.91	
495003.18	5420420.50	286.40	
495002.23	5420400.40	284.87	
495001.96	5420394.70	284.51	
495000.14	5420356.40	281.90	
495001.01	5420356.00	281.75	
495001.30	5420361.50	282.27	
495002.35	5420381.20	283.55	
495003.39	5420400.70	284.86	
495003.83	5420409.20	285.58	
495004.73	5420425.80	286.55	
495004.87	5420428.50	286.78	
495008.01	5420489.10	292.78	
495008.15	5420491.80	293.03	
495011.48	5420558.90	302.83	
495012.96	5420592.70	312.29	
495013.07	5420595.40	313.12	
495014.17	5420614.00	312.09	
495014.58	5420621.80	312.71	
495017.80	5420662.40	292.52	
495020.17	5420719.80	311.14	
495020.77	5420733.10	314.30	
495021.03	5420738.40	315.13	
495021.85	5420735.20	314.36	
495021.49	5420718.90	304.67	
495019.76	5420672.30	291.78	
495018.73	5420653.10	293.10	
495014.14	5420574.10	306.83	
495013.95	5420568.90	305.30	
495012.91	5420542.50	299.34	
495012.11	5420523.70	296.43	
495011.13	5420502.10	294.39	
495009.79	5420471.90	290.71	
495009.16	5420458.00	289.30	
495008.77	5420449.60	288.60	
495007.73	5420427.20	286.81	
495006.00	5420389.80	283.98	
495004.20	5420351.50	281.40	
495005.20	5420354.30	281.59	
495006.81	5420385.00	283.83	
495006.96	5420387.80	283.88	
495007.11	5420390.70	284.13	
495009.17	5420429.60	286.66	
495013.36	5420511.70	295.19	
495013.91	5420522.50	296.23	
495014.44	5420533.20	297.70	
495015.93	5420565.20	304.18	
495016.03	5420567.80	305.03	
495016.70	5420583.50	309.53	
495018.32	5420615.00	312.40	
495018.90	5420625.50	312.78	
495021.47	5420655.30	292.95	
495021.80	5420660.80	292.50	
495024.24	5420722.80	314.42	
495024.98	5420736.70	315.04	
495025.31	5420752.80	327.61	
495025.78	5420761.20	327.53	
495026.06	5420766.70	328.14	
495026.48	5420758.80	326.68	
495026.15	5420753.30	327.91	
495025.42	5420725.30	314.20	
495025.38	5420716.60	305.90	
495025.51	5420704.00	289.89	
495023.90	5420673.20	291.68	
495022.02	5420637.60	294.19	
495019.78	5420611.40	314.19	
495019.61	5420608.80	314.99	
495018.05	5420567.20	304.63	
495013.15	5420453.50	289.25	
495012.28	5420433.70	286.99	
495011.89	5420425.30	286.41	
495008.66	5420355.60	281.70	
495011.12	5420386.00	283.69	
495013.01	5420422.30	286.26	
495014.85	5420458.40	289.44	
495017.15	5420504.70	295.21	
495017.46	5420510.10	294.95	
495019.42	5420550.20	300.56	
495020.01	5420563.50	303.57	
495023.06	5420626.40	312.96	
495024.66	5420639.50	294.06	
495025.00	5420645.20	293.49	
495025.48	5420653.40	292.82	
495027.94	5420695.80	290.31	
495030.53	5420759.50	327.26	
495030.08	5420749.40	326.24	
495029.90	5420736.20	316.56	
495029.66	5420728.90	314.11	
495029.53	5420726.30	314.05	
495029.36	5420715.00	305.91	
495029.05	5420693.60	290.44	
495027.76	5420668.70	291.94	
495027.04	5420654.90	292.77	
495024.41	5420620.20	312.45	
495023.69	5420607.00	314.00	
495023.56	5420604.50	314.09	
495016.91	5420443.20	287.90	
495014.04	5420380.10	283.20	
495013.49	5420368.40	282.71	
495012.83	5420336.70	279.75	
495015.84	5420395.50	284.26	
495018.55	5420448.40	288.39	
495020.73	5420492.10	292.99	
495023.13	5420540.70	298.63	
495023.73	5420553.90	301.11	
495024.76	5420577.70	307.13	
495028.61	5420637.70	294.95	
495029.95	5420660.00	292.39	
495032.19	5420719.40	314.15	
495032.96	5420737.70	319.07	
495033.96	5420763.40	327.62	
495034.10	5420766.20	327.85	
495034.71	5420762.90	327.53	
495033.33	5420697.40	290.16	
495032.61	5420683.60	291.08	
495031.61	5420664.10	292.27	
495028.13	5420613.20	313.62	
495027.73	5420605.30	313.95	
495027.60	5420602.70	314.03	
495027.14	5420589.80	310.52	
495026.03	5420558.50	302.07	
495024.96	5420531.70	297.30	
495020.00	5420418.60	286.21	
495019.11	5420398.60	284.35	
495017.25	5420357.50	281.51	
495016.43	5420339.40	280.12	
495017.41	5420343.10	280.26	
495019.12	5420376.90	282.89	
495023.35	5420460.30	289.44	
495024.16	5420476.80	291.24	
495025.08	5420495.80	293.49	
495026.55	5420525.50	296.55	
495027.20	5420538.90	298.28	
495028.60	5420570.60	305.10	
495033.80	5420655.50	292.63	
495036.38	5420700.80	290.03	
495037.33	5420750.30	327.09	
495037.56	5420753.60	325.79	
495037.80	5420758.90	326.93	
495037.46	5420722.60	313.96	
495037.57	5420701.00	290.02	
495037.01	5420690.00	290.70	
495034.73	5420648.10	296.09	
495031.11	5420585.50	309.01	
495030.18	5420559.40	302.06	
495027.84	5420502.90	294.34	
495027.62	5420497.60	293.60	
495027.27	5420489.30	292.62	
495026.45	5420470.10	290.44	
495024.35	5420422.50	286.34	
495024.09	5420416.70	285.92	
495023.34	5420399.40	284.40	
495022.28	5420376.20	282.94	
495023.65	5420383.50	283.24	
495024.92	5420408.70	285.12	
495025.33	5420417.10	286.01	
495026.31	5420436.40	287.12	
495026.73	5420444.80	287.90	
495026.99	5420450.10	288.41	
495027.54	5420461.20	289.46	
495030.32	5420518.40	295.74	
495031.49	5420542.50	298.68	
495031.74	5420547.90	299.51	
495031.85	5420550.50	300.13	
495032.08	5420555.80	301.30	
495032.86	5420574.20	305.84	
495032.97	5420576.90	306.56	
495033.39	5420587.30	309.48	
495035.08	5420621.50	312.61	
495038.40	5420664.90	291.96	
495040.28	5420698.80	290.65	
495040.70	5420729.20	316.43	
495041.10	5420739.50	319.80	
495041.55	5420723.60	313.82	
495041.14	5420715.50	314.12	
495040.97	5420712.70	314.89	
495041.79	5420704.70	290.10	
495037.05	5420628.10	312.60	
495036.67	5420620.20	312.70	
495035.85	5420604.30	314.06	
495035.06	5420581.10	307.57	
495034.61	5420568.00	304.02	
495034.32	5420560.10	302.20	
495033.50	5420538.90	298.07	
495033.17	5420530.80	297.03	
495032.58	5420517.30	295.93	
495031.78	5420498.40	293.78	
495031.09	5420481.90	291.78	
495030.98	5420479.20	291.46	
495030.03	5420457.00	289.01	
495029.07	5420434.60	286.90	
495028.94	5420431.60	286.55	
495028.83	5420428.90	286.22	
495027.80	5420406.10	284.90	
495026.78	5420382.80	283.12	
495026.25	5420371.20	282.47	
495025.73	5420359.30	281.47	
495026.33	5420353.50	281.13	
495027.32	5420373.20	282.63	
495029.69	5420420.80	286.33	
495031.34	5420453.90	288.78	
495031.76	5420462.30	289.48	
495032.15	5420470.50	290.40	
495033.71	5420503.20	294.33	
495034.77	5420524.70	296.30	
495034.90	5420527.40	296.58	
495036.01	5420551.50	300.25	
495037.74	5420593.40	311.01	
495038.93	5420617.10	312.70	
495039.22	5420622.40	312.58	
495041.96	5420657.20	294.08	
495043.00	5420674.50	291.44	
495044.38	5420699.70	290.71	
495045.04	5420737.80	319.81	
495045.58	5420752.90	325.39	
495045.81	5420758.20	326.60	
495046.40	5420753.10	325.34	
495044.78	5420683.50	290.87	
495043.62	5420661.20	293.06	
495043.00	5420652.30	297.13	
495042.29	5420641.00	300.80	
495040.21	5420610.40	314.03	
495038.05	5420550.30	300.02	
495037.52	5420536.90	297.72	
495037.31	5420531.60	297.05	
495035.13	5420480.10	291.57	
495031.36	5420392.50	283.84	
495029.16	5420342.10	280.04	
495030.42	5420351.60	280.86	
495030.69	5420357.20	281.40	
495031.81	5420379.70	282.92	
495032.09	5420385.30	283.34	
495033.06	5420404.90	284.79	
495033.65	5420416.10	284.95	
495033.76	5420419.00	285.79	
495033.89	5420421.70	286.04	
495036.06	5420465.90	289.91	
495036.71	5420479.60	291.41	
495037.23	5420490.60	292.76	
495037.75	5420501.50	293.88	
495039.18	5420531.10	296.99	
495040.71	5420565.70	303.29	
495041.46	5420584.10	308.13	
495041.56	5420586.70	308.89	
495041.66	5420589.20	309.67	
495042.08	5420599.60	312.53	
495043.32	5420623.20	312.70	
495045.56	5420652.20	298.02	
495046.78	5420669.60	291.74	
495046.95	5420672.60	291.41	
495047.87	5420689.40	290.80	
495047.86	5420707.40	311.22	
495048.55	5420723.30	314.36	
495048.73	5420681.50	290.90	
495046.49	5420644.60	301.18	
495044.21	5420608.70	313.71	
495043.97	5420603.40	313.45	
495043.88	5420600.80	312.82	
495043.53	5420590.40	309.95	
495043.10	5420577.50	306.32	
495041.77	5420540.50	298.18	
495041.66	5420537.80	297.81	
495041.55	5420535.10	297.46	
495041.32	5420529.80	296.95	
495040.76	5420516.40	295.54	
495040.63	5420513.70	295.56	
495036.80	5420422.20	286.15	
495034.80	5420376.00	282.61	
495033.97	5420338.50	279.41	
495034.37	5420346.90	280.28	
495037.95	5420419.90	285.84	
495038.08	5420422.70	286.25	
495038.49	5420431.00	286.66	
495039.04	5420442.10	287.53	
495039.83	5420458.60	289.19	
495041.39	5420491.50	292.77	
495044.39	5420556.00	301.14	
495044.70	5420563.90	303.26	
495044.94	5420569.10	304.04	
495045.57	5420585.00	308.28	
495047.99	5420634.90	312.67	
495048.19	5420637.70	311.64	
495053.87	5420741.60	325.12	
495052.90	5420707.70	312.64	
495053.32	5420698.10	294.84	
495053.29	5420695.60	293.18	
495048.40	5420612.10	313.96	
495046.84	5420568.00	303.73	
495045.22	5420525.30	296.25	
495043.31	5420479.00	291.27	
495042.62	5420462.40	289.52	
495041.32	5420431.60	286.71	
495040.23	5420405.90	284.53	
495040.11	5420403.00	284.30	
495038.33	5420362.10	281.65	
495038.08	5420356.20	280.99	
495037.83	5420350.10	280.43	
495039.11	5420359.20	281.27	
495039.50	5420367.50	282.11	
495044.36	5420468.00	290.12	
495044.49	5420470.60	290.50	
495045.52	5420492.50	292.73	
495047.53	5420535.60	297.91	
495048.26	5420551.70	300.23	
495048.59	5420559.60	301.90	
495048.70	5420562.10	302.50	
495053.83	5420656.80	298.44	
495057.43	5420750.40	325.36	
495058.16	5420747.80	324.63	
495056.83	5420708.10	314.35	
495056.89	5420706.20	311.19	
495057.30	5420698.60	295.59	
495056.11	5420671.70	294.53	
495053.67	5420636.90	311.71	
495052.88	5420620.90	312.94	
495052.75	5420618.20	312.93	
495051.09	5420574.00	305.26	
495050.25	5420550.20	299.93	
495050.15	5420547.50	299.44	
495049.32	5420526.10	296.36	
495049.09	5420520.70	295.84	
495047.09	5420471.60	290.50	
495045.35	5420429.60	286.34	
495044.75	5420415.50	285.39	
495043.40	5420383.70	282.99	
495041.75	5420344.80	279.92	
495042.50	5420343.20	279.59	
495043.69	5420368.60	282.10	
495044.24	5420379.90	282.81	
495046.80	5420432.90	286.82	
495049.27	5420485.30	291.99	
495049.77	5420496.20	293.23	
495051.03	5420523.20	296.21	
495051.41	5420531.30	297.02	
495052.01	5420544.70	298.89	
495053.12	5420571.20	304.53	
495054.14	5420597.20	311.32	
495056.20	5420637.00	311.48	
495056.46	5420642.40	311.86	
495057.64	5420654.80	300.59	
495061.84	5420759.70	326.17	
495062.05	5420746.00	324.48	
495060.21	5420688.80	308.66	
495059.25	5420658.20	299.57	
495057.19	5420627.00	312.61	
495055.16	5420574.80	305.37	
495053.06	5420518.90	295.90	
495050.97	5420467.00	290.03	
495049.12	5420422.10	285.96	
495048.64	5420410.70	284.97	
495047.04	5420372.90	282.32	
495046.17	5420352.00	280.41	
495046.66	5420344.10	279.65	
495049.21	5420397.60	283.83	
495050.01	5420414.50	285.34	
495050.53	5420425.60	286.35	
495053.87	5420497.10	293.31	
495054.59	5420513.50	295.95	
495054.73	5420516.20	295.83	
495057.80	5420587.70	308.62	
495058.41	5420603.40	312.66	
495060.26	5420638.00	311.32	
495061.56	5420655.40	302.82	
495062.32	5420676.20	309.20	
495062.47	5420678.90	309.11	
495064.89	5420741.20	325.35	
495066.44	5420757.00	325.62	
495066.32	5420754.40	325.58	
495064.88	5420710.00	314.00	
495063.28	5420661.30	301.46	
495059.72	5420591.30	309.56	
495059.12	5420573.10	304.89	
495057.58	5420530.60	296.85	
495056.89	5420514.40	295.95	
495055.95	5420489.90	292.57	
495055.72	5420484.40	292.02	
495053.70	5420434.30	286.76	
495052.16	5420397.10	283.81	
495051.91	5420391.30	283.38	
495050.92	5420367.80	281.77	
495051.33	5420356.30	280.76	
495052.26	5420376.20	282.44	
495053.06	5420393.10	283.62	
495054.64	5420426.80	286.54	
495055.31	5420440.50	287.29	
495059.44	5420530.50	296.89	
495062.55	5420606.90	313.47	
495063.10	5420617.50	313.20	
495064.15	5420636.30	311.41	
495064.41	5420641.60	311.62	
495065.79	5420659.30	301.60	
495066.05	5420671.60	309.37	
495066.65	5420682.70	308.69	
495069.72	5420758.90	325.76	
495070.42	5420757.80	325.69	
495067.99	5420685.20	308.61	
495066.03	5420644.80	311.27	
495064.98	5420623.40	313.10	
495064.38	5420610.30	313.33	
495063.59	5420587.00	308.22	
495063.06	5420571.30	304.48	
495062.22	5420547.40	299.60	
495062.13	5420544.80	299.21	
495062.03	5420542.10	298.65	
495061.53	5420528.80	296.66	
495061.31	5420523.40	296.15	
495060.45	5420501.70	293.73	
495059.79	5420485.20	292.14	
495058.80	5420460.50	289.43	
495058.02	5420440.90	287.35	
495055.28	5420374.80	282.30	
495054.56	5420356.90	280.57	
495054.29	5420331.90	278.10	
495057.57	5420402.60	284.40	
495058.60	5420424.90	286.37	
495058.74	5420427.70	286.54	
495063.00	5420520.80	296.13	
495063.38	5420528.90	296.64	
495065.68	5420584.50	307.58	
495065.88	5420589.70	308.93	
495067.13	5420618.40	313.23	
495068.16	5420637.20	311.73	
495068.90	5420650.80	310.57	
495070.13	5420665.80	300.73	
495073.58	5420757.30	325.46	
495073.84	5420762.70	325.92	
495072.92	5420716.20	316.91	
495070.06	5420645.80	311.00	
495068.19	5420605.90	312.88	
495068.11	5420603.40	312.32	
495067.69	5420590.50	309.02	
495065.67	5420532.40	297.10	
495064.49	5420502.60	293.96	
495062.97	5420464.10	289.77	
495061.86	5420436.20	286.95	
495061.75	5420433.30	286.62	
495060.81	5420410.50	284.98	
495058.66	5420357.90	280.60	
495058.17	5420345.70	279.33	
495058.39	5420332.90	278.20	
495059.55	5420358.20	280.71	
495065.21	5420481.20	291.65	
495065.58	5420489.30	292.48	
495065.70	5420492.00	292.69	
495066.32	5420505.60	294.19	
495066.44	5420508.30	294.56	
495067.87	5420540.40	298.38	
495068.10	5420545.80	299.43	
495070.40	5420603.70	312.30	
495073.05	5420654.40	310.27	
495074.82	5420687.60	308.14	
495075.09	5420693.00	308.13	
495076.48	5420736.20	324.50	
495076.26	5420694.80	309.33	
495075.22	5420670.90	308.99	
495073.63	5420638.50	312.16	
495072.99	5420625.20	313.12	
495072.10	5420604.30	312.38	
495071.60	5420588.80	308.59	
495071.34	5420580.90	306.70	
495071.07	5420573.00	305.05	
495069.98	5420541.40	298.58	
495068.63	5420506.20	294.32	
495066.36	5420448.50	288.23	
495064.41	5420400.10	284.09	
495063.56	5420379.60	282.74	
495062.62	5420355.80	280.32	
495065.46	5420398.90	283.98	
495068.39	5420462.90	289.64	
495070.59	5420512.10	295.17	
495071.31	5420528.00	296.83	
495072.33	5420552.20	300.82	
495072.53	5420557.50	301.96	
495079.59	5420709.50	313.71	
495079.78	5420716.90	317.45	
495080.02	5420722.30	318.16	
495080.76	5420713.40	314.45	
495080.44	5420705.50	313.93	
495079.71	5420682.70	308.34	
495079.33	5420674.60	308.70	
495078.16	5420650.30	310.65	
495078.03	5420647.50	310.92	
495076.08	5420605.10	312.49	
495075.51	5420587.10	307.99	
495075.42	5420584.50	307.44	
495074.62	5420560.90	302.58	
495073.88	5420539.50	298.31	
495073.59	5420531.70	297.06	
495073.15	5420520.80	296.33	
495070.60	5420454.90	288.81	
495070.50	5420452.20	288.49	
495069.70	5420432.50	286.83	
495068.55	5420403.80	284.49	
495067.97	5420389.50	283.28	
495067.49	5420377.70	282.38	
495066.42	5420350.70	279.72	
495067.69	5420360.40	280.73	
495068.08	5420369.10	281.59	
495068.20	5420371.80	281.82	
495068.84	5420385.80	283.08	
495069.49	5420400.10	284.24	
495070.39	5420419.70	285.88	
495070.77	5420428.20	286.81	
495071.04	5420433.60	286.76	
495073.02	5420477.80	291.36	
495073.88	5420496.90	293.24	
495076.96	5420569.10	304.15	
495077.37	5420579.60	306.36	
495079.00	5420618.80	313.25	
495079.27	5420624.20	313.20	
495084.84	5420746.90	324.33	
495084.84	5420721.30	317.88	
495084.03	5420698.50	313.94	
495083.94	5420693.70	311.34	
495083.78	5420686.40	308.13	
495083.40	5420678.20	308.40	
495083.28	5420675.50	308.51	
495082.64	5420662.00	309.50	
495081.05	5420629.80	313.15	
495080.70	5420621.80	313.20	
495079.20	5420580.20	306.48	
495078.29	5420553.80	301.22	
495077.84	5420540.60	298.50	
495077.23	5420524.40	296.57	
495076.82	5420513.60	295.24	
495073.35	5420425.00	286.50	
495072.79	5420410.80	285.11	
495072.44	5420402.00	284.37	
495070.69	5420357.90	280.36	
495070.70	5420338.80	278.43	
495071.08	5420347.10	279.19	
495071.97	5420367.10	281.25	
495074.52	5420423.60	286.22	
495075.54	5420445.80	287.93	
495077.01	5420478.80	291.46	
495078.46	5420511.50	294.92	
495082.82	5420617.20	313.30	
495083.08	5420622.50	313.24	
495083.88	5420638.40	313.26	
495086.16	5420679.70	308.18	
495087.99	5420731.40	323.63	
495088.32	5420737.20	322.72	
495089.03	5420753.50	324.71	
495089.29	5420759.10	324.98	
495089.63	5420749.50	324.42	
495089.16	5420736.90	322.72	
495088.84	5420729.10	322.36	
495087.45	5420681.70	308.27	
495086.05	5420652.10	310.54	
495085.75	5420646.60	311.85	
495084.98	5420630.60	313.24	
495084.08	5420609.60	313.06	
495083.82	5420601.90	311.34	
495082.87	5420573.20	305.13	
495081.69	5420538.80	298.41	
495081.19	5420525.50	296.69	
495080.06	5420495.60	292.95	
495078.12	5420445.70	287.91	
495077.68	5420434.50	286.96	
495076.41	5420403.10	284.61	
495076.31	5420400.40	284.27	
495074.57	5420356.00	280.10	
495074.45	5420353.00	279.76	
495074.33	5420349.90	279.40	
495076.09	5420371.20	281.71	
495076.72	5420385.40	282.99	
495078.50	5420424.70	286.25	
495079.14	5420438.50	287.27	
495080.13	5420460.70	289.47	
495080.37	5420466.20	290.10	
495080.85	5420477.10	291.21	
495084.52	5420563.30	303.26	
495087.03	5420623.70	313.17	
495089.78	5420675.30	308.79	
495089.92	5420678.20	308.83	
495091.64	5420722.70	318.86	
495091.89	5420732.50	323.86	
495093.62	5420753.10	324.46	
495093.05	5420737.90	322.64	
495092.76	5420732.40	323.67	
495092.63	5420727.50	322.01	
495091.85	5420700.40	313.84	
495091.48	5420692.30	314.16	
495091.17	5420679.90	309.32	
495090.79	5420671.80	310.08	
495089.00	5420634.20	313.35	
495087.81	5420605.30	312.01	
495086.87	5420577.00	305.83	
495085.88	5420547.90	300.17	
495085.21	5420529.10	297.08	
495084.20	5420502.10	293.70	
495083.99	5420496.60	293.06	
495083.68	5420488.40	292.24	
495083.47	5420483.00	291.74	
495083.25	5420477.50	291.31	
495082.61	5420460.80	289.42	
495081.96	5420444.00	287.80	
495081.84	5420441.10	287.53	
495079.23	5420375.00	282.00	
495078.81	5420343.80	278.68	
495080.69	5420386.60	283.20	
495080.94	5420392.20	283.63	
495081.97	5420414.70	285.35	
495082.09	5420417.50	285.59	
495084.56	5420472.80	290.78	
495085.41	5420491.90	292.57	
495085.77	5420500.10	293.44	
495086.00	5420505.40	294.12	
495086.46	5420516.30	295.71	
495087.06	5420529.80	297.11	
495090.55	5420616.70	313.29	
495093.21	5420670.30	312.89	
495093.92	5420686.30	314.49	
495095.33	5420718.60	317.97	
495095.42	5420721.00	318.81	
495095.88	5420734.00	322.53	
495096.86	5420755.80	324.35	
495097.72	5420759.10	324.64	
495097.21	5420746.40	323.92	
495096.03	5420711.30	316.98	
495095.82	5420706.20	316.63	
495095.49	5420696.00	314.31	
495094.56	5420674.70	314.55	
495094.52	5420672.30	313.25	
495094.20	5420664.40	312.76	
495093.77	5420653.90	312.35	
495092.56	5420627.30	313.48	
495091.78	5420609.00	313.34	
495090.87	5420580.50	306.55	
495090.61	5420572.60	304.89	
495088.94	5420524.80	296.68	
495087.51	5420486.70	292.08	
495086.77	5420467.50	290.07	
495085.13	5420425.40	286.26	
495084.33	5420405.30	284.65	
495083.89	5420393.80	283.66	
495083.08	5420373.30	281.77	
495083.05	5420350.70	279.27	
495083.29	5420356.50	280.01	
495083.92	5420370.80	281.57	
495084.54	5420384.80	282.90	
495084.80	5420390.60	283.46	
495085.05	5420396.30	283.92	
495086.56	5420429.90	286.74	
495086.68	5420432.60	287.02	
495087.43	5420449.20	288.27	
495088.64	5420476.70	291.13	
495089.60	5420498.60	293.31	
495089.72	5420501.20	293.60	
495091.21	5420536.30	298.17	
495092.27	5420562.90	303.33	
495093.11	5420583.90	307.22	
495093.53	5420594.50	309.36	
495094.37	5420615.30	313.15	
495096.44	5420657.90	313.32	
495097.69	5420684.80	314.64	
495098.17	5420695.50	315.57	
495101.50	5420757.50	324.37	
495100.90	5420742.50	323.51	
495100.80	5420739.90	323.16	
495100.14	5420719.80	318.97	
495099.61	5420704.60	316.53	
495097.24	5420646.70	313.93	
495095.82	5420612.70	313.16	
495095.47	5420602.30	311.16	
495093.44	5420542.00	299.28	
495092.27	5420509.60	294.66	
495091.66	5420493.20	292.73	
495090.61	5420465.80	289.93	
495088.19	5420403.60	284.50	
495085.39	5420328.20	274.79	
495088.41	5420383.30	282.69	
495089.03	5420397.40	283.96	
495089.66	5420411.50	285.13	
495091.76	5420458.70	289.18	
495095.58	5420548.20	300.44	
495096.20	5420564.00	303.56	
495097.25	5420590.50	308.55	
495097.46	5420595.60	309.60	
495098.43	5420619.10	313.26	
495098.55	5420621.70	313.41	
495103.03	5420720.40	320.04	
495103.91	5420741.80	323.46	
495104.30	5420750.00	323.74	
495105.39	5420758.70	324.39	
495103.96	5420720.50	320.31	
495103.32	5420702.80	317.64	
495103.18	5420697.70	316.06	
495102.88	5420689.90	315.36	
495102.10	5420671.50	315.23	
495101.89	5420666.20	314.94	
495099.45	5420606.00	312.08	
495097.88	5420558.80	302.64	
495096.89	5420529.70	297.34	
495096.39	5420516.20	295.60	
495095.91	5420502.60	293.68	
495095.80	5420499.90	293.45	
495094.54	5420466.90	290.16	
495094.23	5420458.50	289.19	
495092.70	5420419.00	285.76	
495091.25	5420381.60	282.40	
495090.57	5420363.70	280.64	
495089.88	5420345.60	278.71	
495089.64	5420339.20	277.94	
495094.12	5420423.90	286.09	
495094.25	5420426.80	286.36	
495095.24	5420448.90	288.05	
495098.64	5420527.90	296.93	
495101.07	5420589.00	308.17	
495102.22	5420617.70	313.21	
495102.59	5420625.50	313.50	
495104.45	5420665.50	315.01	
495105.76	5420694.80	317.46	
495108.07	5420729.00	322.14	
495107.21	5420706.00	319.74	
495106.83	5420695.70	318.35	
495106.65	5420690.50	317.59	
495106.28	5420680.30	316.30	
495105.78	5420667.20	315.10	
495103.75	5420617.40	313.12	
495101.97	5420565.20	303.97	
495101.89	5420562.70	303.41	
495101.54	5420552.10	301.41	
495100.82	5420530.70	297.34	
495093.35	5420330.60	274.76	
495093.99	5420328.10	274.04	
495095.00	5420354.50	279.57	
495097.35	5420408.50	284.77	
495098.83	5420441.80	287.42	
495100.50	5420480.40	291.37	
495101.08	5420494.00	292.88	
495102.45	5420526.50	297.16	
495105.67	5420608.30	312.54	
495105.77	5420610.90	313.14	
495107.50	5420650.30	316.59	
495109.28	5420687.90	317.23	
495108.51	5420641.90	315.89	
495107.44	5420613.30	313.07	
495105.44	5420553.10	301.67	
495105.18	5420545.20	300.01	
495104.91	5420537.20	298.45	
495104.64	5420529.20	297.11	
495104.52	5420526.50	297.21	
495100.28	5420412.90	285.12	
495100.17	5420410.00	284.87	
495100.06	5420407.10	284.62	
495099.95	5420404.20	284.40	
495100.19	5420384.10	282.57	
495101.31	5420409.70	284.81	
495101.55	5420415.20	285.27	
495104.20	5420476.00	290.85	
495104.90	5420492.50	292.76	
495105.36	5420503.30	293.91	
495106.71	5420535.70	298.29	
495108.26	5420575.50	305.77	
495107.06	5420489.50	292.30	
495105.32	5420442.40	287.26	
495103.78	5420402.50	284.23	
495103.01	5420382.00	282.30	
495101.15	5420330.20	275.12	
495102.80	5420353.90	279.40	
495103.04	5420359.80	280.18	
495103.29	5420365.60	280.83	
495103.65	5420374.00	281.59	
495104.51	5420393.90	283.50	
495104.88	5420402.40	284.24	
495105.74	5420422.00	285.79	
495108.24	5420480.10	291.29	
495109.05	5420499.20	293.42	
495109.28	5420504.40	294.01	
495108.91	5420435.10	287.03	
495108.70	5420429.40	286.45	
495107.50	5420397.90	283.81	
495107.28	5420392.00	283.27	
495106.28	5420365.50	280.73	
495105.84	5420353.30	279.34	
495105.42	5420340.90	276.95	
495105.13	5420331.00	274.28	
495106.38	5420346.80	279.08	
495106.88	5420358.10	279.84	
495109.07	5420409.20	284.76	
495108.83	5420326.40	275.08	
